37 1 2 1 3 1
37 2 3 2 3 1
37 3 2 3 3 1
37 4 2 4 3 1
37 5 4 5 3 0
37 6 2 6 3 1
37 7 3 7 3 1
37 8 2 8 3 1
37 9 1 9 3 1
37 10 2 10 3 1
37 11 4 11 3 0
37 12 4 12 3 0
37 13 2 13 3 1
37 14 4 14 3 1
37 15 4 15 3 1
37 16 2 16 3 1
37 17 5 17 3 0
37 18 2 18 3 0
37 19 1 19 3 1
37 20 1 20 3 1
37 21 1 21 3 1
37 22 1 22 3 1
37 23 5 23 3 1
37 24 1 24 3 1
37 25 1 25 3 1
37 26 5 26 3 1
37 27 3 27 3 1
37 28 2 28 3 0
37 29 4 29 3 0
37 30 1 30 3 0
37 31 1 31 3 0
37 32 1 32 3 0
37 33 1 33 3 1
37 34 5 34 3 0
37 35 3 35 3 0
37 36 1 36 3 1
37 37 4 37 3 1
37 38 4 38 3 1
37 39 5 39 3 1
37 40 5 40 3 1
37 41 3 41 3 1
37 42 3 42 3 1
37 43 1 43 3 0
37 44 3 44 3 1
37 45 2 45 3 1
37 46 1 46 3 1
37 47 2 47 3 1
37 48 1 48 3 1
37 49 4 49 3 1
37 50 1 50 3 1
37 51 5 51 3 1
37 52 1 52 3 1
37 53 5 53 3 1
37 54 1 54 3 1
37 55 5 55 3 1
37 56 4 56 3 1
37 57 4 57 3 1
37 58 3 58 3 1
37 59 5 59 3 1
37 60 4 60 3 1
37 61 2 61 3 1
37 62 5 62 3 1
37 63 2 63 3 1
37 64 4 64 3 1
37 65 1 65 3 1
37 66 3 66 3 1
37 67 4 67 3 1
37 68 2 68 3 1
38 1 3 1 3 1
38 2 2 2 3 1
38 3 4 3 3 1
38 4 3 4 3 1
38 5 3 5 3 1
38 6 3 6 3 1
38 7 2 7 3 1
38 8 4 8 3 1
38 9 3 9 3 1
38 10 4 10 3 1
38 11 4 11 3 1
38 12 5 12 3 1
38 13 2 13 3 1
38 14 4 14 3 1
38 15 1 15 3 1
38 16 2 16 3 1
38 17 4 17 3 1
38 18 5 18 3 1
38 19 4 19 3 1
38 20 2 20 3 1
38 21 4 21 3 1
38 22 5 22 3 1
38 23 1 23 3 1
38 24 2 24 3 1
38 25 3 25 3 1
38 26 3 26 3 1
38 27 5 27 3 1
38 28 2 28 3 1
38 29 4 29 3 1
38 30 1 30 3 1
38 31 1 31 3 1
38 32 4 32 3 1
38 33 3 33 3 1
38 34 4 34 3 1
38 35 2 35 3 1
38 36 4 36 3 1
38 37 2 37 3 1
38 38 3 38 3 1
38 39 3 39 3 1
38 40 5 40 3 1
38 41 1 41 3 1
38 42 2 42 3 1
38 43 5 43 3 1
38 44 2 44 3 1
38 45 1 45 3 1
38 46 2 46 3 1
38 47 5 47 3 1
38 48 4 48 3 1
38 49 4 49 3 1
38 50 4 50 3 1
38 51 4 51 3 1
38 52 1 52 3 1
38 53 1 53 3 1
38 54 4 54 3 1
38 55 2 55 3 1
38 56 1 56 3 1
38 57 2 57 3 1
38 58 2 58 3 1
38 59 3 59 3 1
38 60 4 60 3 1
38 61 5 61 3 1
38 62 3 62 3 1
38 63 4 63 3 1
38 64 1 64 3 1
38 65 5 65 3 1
38 66 5 66 3 1
38 67 2 67 3 1
38 68 4 68 3 1
39 1 2 1 3 1
39 2 1 2 3 1
39 3 5 3 3 1
39 4 1 4 3 1
39 5 1 5 3 1
39 6 1 6 3 1
39 7 1 7 3 0
39 8 2 8 3 1
39 9 3 9 3 1
39 10 5 10 3 1
39 11 3 11 3 1
39 12 2 12 3 1
39 13 2 13 3 1
39 14 3 14 3 1
39 15 5 15 3 1
39 16 4 16 3 1
39 17 1 17 3 1
39 18 2 18 3 1
39 19 3 19 3 1
39 20 1 20 3 1
39 21 1 21 3 1
39 22 3 22 3 1
39 23 4 23 3 1
39 24 3 24 3 1
39 25 3 25 3 1
39 26 3 26 3 1
39 27 4 27 3 1
39 28 5 28 3 1
39 29 4 29 3 1
39 30 2 30 3 1
39 31 2 31 3 1
39 32 2 32 3 1
39 33 3 33 3 1
39 34 5 34 3 1
39 35 3 35 3 1
39 36 5 36 3 1
39 37 4 37 3 1
39 38 5 38 3 1
39 39 3 39 3 1
39 40 3 40 3 1
39 41 3 41 3 1
39 42 1 42 3 1
39 43 1 43 3 1
39 44 2 44 3 1
39 45 2 45 3 1
39 46 3 46 3 1
39 47 2 47 3 1
39 48 4 48 3 1
39 49 3 49 3 1
39 50 1 50 3 1
39 51 1 51 3 1
39 52 4 52 3 1
39 53 5 53 3 1
39 54 5 54 3 1
39 55 4 55 3 1
39 56 5 56 3 1
39 57 1 57 3 1
39 58 2 58 3 1
39 59 2 59 3 1
39 60 5 60 3 1
39 61 3 61 3 1
39 62 1 62 3 1
39 63 1 63 3 1
39 64 5 64 3 1
39 65 1 65 3 1
39 66 1 66 3 1
39 67 5 67 3 1
39 68 2 68 3 1
40 1 4 1 3 1
40 2 5 2 3 1
40 3 4 3 3 1
40 4 3 4 3 1
40 5 1 5 3 1
40 6 1 6 3 1
40 7 3 7 3 1
40 8 4 8 3 1
40 9 3 9 3 1
40 10 3 10 3 1
40 11 1 11 3 1
40 12 4 12 3 1
40 13 2 13 3 1
40 14 5 14 3 1
40 15 3 15 3 1
40 16 2 16 3 1
40 17 3 17 3 1
40 18 4 18 3 1
40 19 4 19 3 1
40 20 4 20 3 1
40 21 2 21 3 1
40 22 2 22 3 1
40 23 2 23 3 1
40 24 5 24 3 1
40 25 4 25 3 1
40 26 1 26 3 1
40 27 5 27 3 1
40 28 1 28 3 1
40 29 4 29 3 1
40 30 4 30 3 1
40 31 3 31 3 1
40 32 3 32 3 1
40 33 2 33 3 1
40 34 1 34 3 1
40 35 2 35 3 1
40 36 3 36 3 1
40 37 4 37 3 1
40 38 3 38 3 1
40 39 5 39 3 1
40 40 1 40 3 1
40 41 1 41 3 1
40 42 4 42 3 1
40 43 4 43 3 1
40 44 1 44 3 1
40 45 2 45 3 1
40 46 5 46 3 1
40 47 5 47 3 1
40 48 5 48 3 1
40 49 3 49 3 1
40 50 4 50 3 1
40 51 4 51 3 1
40 52 1 52 3 1
40 53 2 53 3 1
40 54 4 54 3 1
40 55 5 55 3 1
40 56 2 56 3 1
40 57 2 57 3 1
40 58 5 58 3 1
40 59 3 59 3 1
40 60 2 60 3 1
40 61 1 61 3 1
40 62 2 62 3 1
40 63 4 63 3 1
40 64 5 64 3 1
40 65 1 65 3 1
40 66 2 66 3 1
40 67 1 67 3 1
40 68 5 68 3 1
41 1 3 1 3 1
41 2 3 2 3 1
41 3 4 3 3 1
41 4 2 4 3 1
41 5 1 5 3 1
41 6 5 6 3 1
41 7 1 7 3 1
41 8 5 8 3 1
41 9 1 9 3 1
41 10 1 10 3 1
41 11 2 11 3 1
41 12 2 12 3 1
41 13 4 13 3 1
41 14 2 14 3 1
41 15 1 15 3 1
41 16 4 16 3 1
41 17 4 17 3 1
41 18 2 18 3 1
41 19 3 19 3 1
41 20 2 20 3 1
41 21 1 21 3 1
41 22 3 22 3 1
41 23 5 23 3 1
41 24 1 24 3 1
41 25 5 25 3 1
41 26 3 26 3 1
41 27 3 27 3 1
41 28 1 28 3 1
41 29 2 29 3 1
41 30 3 30 3 0
41 31 3 31 3 1
41 32 5 32 3 1
41 33 3 33 3 1
41 34 5 34 3 1
41 35 4 35 3 1
41 36 1 36 3 1
41 37 2 37 3 1
41 38 2 38 3 1
41 39 2 39 3 1
41 40 1 40 3 1
41 41 5 41 3 1
41 42 1 42 3 1
41 43 5 43 3 1
41 44 5 44 3 1
41 45 2 45 3 1
41 46 5 46 3 1
41 47 3 47 3 1
41 48 4 48 3 1
41 49 3 49 3 1
41 50 5 50 3 1
41 51 1 51 3 1
41 52 5 52 3 1
41 53 2 53 3 1
41 54 3 54 3 1
41 55 2 55 3 1
41 56 5 56 3 1
41 57 4 57 3 1
41 58 3 58 3 1
41 59 4 59 3 1
41 60 1 60 3 1
41 61 5 61 3 1
41 62 2 62 3 1
41 63 2 63 3 1
41 64 2 64 3 1
41 65 4 65 3 1
41 66 2 66 3 1
41 67 2 67 3 1
41 68 2 68 3 1
42 1 1 1 3 1
42 2 5 2 3 1
42 3 3 3 3 1
42 4 1 4 3 1
42 5 4 5 3 1
42 6 1 6 3 1
42 7 4 7 3 1
42 8 5 8 3 1
42 9 2 9 3 1
42 10 4 10 3 1
42 11 4 11 3 1
42 12 5 12 3 1
42 13 2 13 3 1
42 14 4 14 3 1
42 15 4 15 3 1
42 16 2 16 3 1
42 17 5 17 3 1
42 18 2 18 3 1
42 19 1 19 3 1
42 20 1 20 3 1
42 21 1 21 3 1
42 22 1 22 3 1
42 23 5 23 3 1
42 24 1 24 3 1
42 25 1 25 3 1
42 26 5 26 3 1
42 27 3 27 3 1
42 28 2 28 3 1
42 29 4 29 3 1
42 30 1 30 3 1
42 31 1 31 3 1
42 32 1 32 3 1
42 33 1 33 3 1
42 34 5 34 3 1
42 35 5 35 3 1
42 36 4 36 3 1
42 37 4 37 3 1
42 38 4 38 3 1
42 39 5 39 3 1
42 40 5 40 3 1
42 41 3 41 3 1
42 42 3 42 3 1
42 43 1 43 3 1
42 44 5 44 3 1
42 45 2 45 3 1
42 46 1 46 3 1
42 47 3 47 3 1
42 48 1 48 3 1
42 49 4 49 3 1
42 50 1 50 3 1
42 51 1 51 3 1
42 52 5 52 3 1
42 53 1 53 3 1
42 54 1 54 3 1
42 55 1 55 3 1
42 56 2 56 3 1
42 57 4 57 3 1
42 58 5 58 3 1
42 59 5 59 3 1
42 60 4 60 3 1
42 61 2 61 3 1
42 62 5 62 3 1
42 63 3 63 3 1
42 64 4 64 3 1
42 65 2 65 3 1
42 66 3 66 3 1
42 67 4 67 3 1
42 68 2 68 3 1
43 1 3 1 3 1
43 2 3 2 3 1
43 3 3 3 3 1
43 4 4 4 3 1
43 5 3 5 3 1
43 6 5 6 3 1
43 7 3 7 3 1
43 8 3 8 3 1
43 9 2 9 3 1
43 10 2 10 3 1
43 11 4 11 3 1
43 12 3 12 3 1
43 13 4 13 3 1
43 14 2 14 3 1
43 15 2 15 3 1
43 16 1 16 3 1
43 17 4 17 3 1
43 18 2 18 3 1
43 19 2 19 3 1
43 20 4 20 3 1
43 21 4 21 3 1
43 22 1 22 3 1
43 23 2 23 3 1
43 24 2 24 3 1
43 25 2 25 3 1
43 26 4 26 3 1
43 27 1 27 3 1
43 28 4 28 3 1
43 29 5 29 3 1
43 30 1 30 3 1
43 31 2 31 3 1
43 32 1 32 3 1
43 33 4 33 3 1
43 34 5 34 3 1
43 35 5 35 3 1
43 36 2 36 3 1
43 37 2 37 3 1
43 38 5 38 3 1
43 39 3 39 3 1
43 40 5 40 3 1
43 41 5 41 3 1
43 42 3 42 3 1
43 43 2 43 3 1
43 44 2 44 3 1
43 45 1 45 3 1
43 46 1 46 3 1
43 47 1 47 3 1
43 48 3 48 3 1
43 49 4 49 3 1
43 50 3 50 3 1
43 51 1 51 3 1
43 52 5 52 3 1
43 53 3 53 3 1
43 54 5 54 3 1
43 55 1 55 3 1
43 56 3 56 3 1
43 57 2 57 3 1
43 58 1 58 3 1
43 59 1 59 3 1
43 60 5 60 3 1
43 61 5 61 3 1
43 62 1 62 3 1
43 63 4 63 3 1
43 64 1 64 3 1
43 65 1 65 3 1
43 66 3 66 3 1
43 67 5 67 3 1
43 68 5 68 3 1
44 1 4 1 2 1
44 2 1 2 2 1
44 3 4 3 2 1
44 4 2 4 2 1
44 5 2 5 2 1
44 6 4 6 2 1
44 7 5 7 2 1
44 8 5 8 2 1
44 9 3 9 2 1
44 10 1 10 2 1
44 11 4 11 2 1
44 12 2 12 2 1
44 13 5 13 2 1
44 14 1 14 2 1
44 15 4 15 2 1
44 16 5 16 2 1
44 17 4 17 2 0
44 18 4 18 2 0
44 19 3 19 2 0
44 20 3 20 2 0
44 21 1 21 2 0
44 22 3 22 2 0
44 23 4 23 2 0
44 24 1 24 2 0
44 25 1 25 2 1
44 26 5 26 2 1
44 27 2 27 2 1
44 28 4 28 2 0
44 29 5 29 2 1
44 30 5 30 2 1
44 31 5 31 2 1
44 32 1 32 2 1
44 33 1 33 2 1
44 34 4 34 2 1
44 35 5 35 2 1
44 36 1 36 2 1
44 37 1 37 2 1
44 38 1 38 2 1
44 39 2 39 2 1
44 40 2 40 2 1
44 41 2 41 2 1
44 42 2 42 2 1
44 43 1 43 2 0
44 44 5 44 2 1
44 45 2 45 2 1
44 46 4 46 2 1
44 47 1 47 2 1
44 48 5 48 2 1
44 49 5 49 2 1
44 50 4 50 2 1
44 51 3 51 2 1
44 52 3 52 2 1
44 53 3 53 2 1
44 54 4 54 2 1
44 55 5 55 2 1
44 56 2 56 2 1
44 57 5 57 2 1
44 58 2 58 2 1
44 59 4 59 2 1
44 60 4 60 2 1
44 61 4 61 2 1
44 62 5 62 2 1
44 63 4 63 2 1
44 64 2 64 2 1
44 65 2 65 2 1
44 66 5 66 2 1
44 67 1 67 2 1
44 68 5 68 2 1
45 1 3 1 2 1
45 2 4 2 2 1
45 3 4 3 2 1
45 4 3 4 2 1
45 5 5 5 2 1
45 6 2 6 2 1
45 7 4 7 2 1
45 8 2 8 2 1
45 9 3 9 2 1
45 10 1 10 2 1
45 11 1 11 2 0
45 12 1 12 2 1
45 13 5 13 2 1
45 14 1 14 2 1
45 15 1 15 2 1
45 16 1 16 2 1
45 17 1 17 2 1
45 18 2 18 2 1
45 19 5 19 2 1
45 20 3 20 2 1
45 21 4 21 2 1
45 22 2 22 1 1
45 23 1 23 2 1
45 24 5 24 2 1
45 25 4 25 2 1
45 26 1 26 2 1
45 27 1 27 2 1
45 28 4 28 2 1
45 29 1 29 2 1
45 30 1 30 2 0
45 31 1 31 2 1
45 32 3 32 2 1
45 33 2 33 2 1
45 34 3 34 2 1
45 35 5 35 2 1
45 36 3 36 2 1
45 37 4 37 2 1
45 38 2 38 2 1
45 39 4 39 2 1
45 40 1 40 2 1
45 41 3 41 2 1
45 42 5 42 2 1
45 43 3 43 2 1
45 44 1 44 2 1
45 45 1 45 2 1
45 46 2 46 2 1
45 47 5 47 2 1
45 48 4 48 2 1
45 49 3 49 2 1
45 50 4 50 2 1
45 51 2 51 2 1
45 52 1 52 2 1
45 53 1 53 2 1
45 54 5 54 2 1
45 55 3 55 2 1
45 56 1 56 2 1
45 57 2 57 2 1
45 58 3 58 2 1
45 59 3 59 2 1
45 60 4 60 2 1
45 61 5 61 2 1
45 62 1 62 2 1
45 63 1 63 2 1
45 64 5 64 2 1
45 65 5 65 2 1
45 66 1 66 2 1
45 67 1 67 2 1
45 68 2 68 2 1
46 1 3 1 1 1
46 2 4 2 1 1
46 3 1 3 1 1
46 4 3 4 1 1
46 5 5 5 1 1
46 6 3 6 1 0
46 7 2 7 1 1
46 8 1 8 1 0
46 9 1 9 1 1
46 10 3 10 1 1
46 11 3 11 1 0
46 12 5 12 1 1
46 13 2 13 1 1
46 14 3 14 1 1
46 15 3 15 1 1
46 16 2 16 1 1
46 17 1 17 1 1
46 18 1 18 1 0
46 19 2 19 1 0
46 20 2 20 1 1
46 21 2 21 1 1
46 22 2 22 1 1
46 23 2 23 1 1
46 24 1 24 1 1
46 25 4 25 1 1
46 26 3 26 1 1
46 27 4 27 1 1
46 28 5 28 1 0
46 29 5 29 1 1
46 30 5 30 1 0
46 31 2 31 1 0
46 32 1 32 1 0
46 33 5 33 1 1
46 34 4 34 1 0
46 35 5 35 1 0
46 36 4 36 1 1
46 37 3 37 1 1
46 38 1 38 1 1
46 39 5 39 1 1
46 40 1 40 1 1
46 41 1 41 1 0
46 42 4 42 1 0
46 43 4 43 1 1
46 44 1 44 1 1
46 45 1 45 1 1
46 46 5 46 1 1
46 47 4 47 1 1
46 48 3 48 1 1
46 49 4 49 1 1
46 50 1 50 1 1
46 51 5 51 1 1
46 52 1 52 1 1
46 53 4 53 1 1
46 54 4 54 1 1
46 55 1 55 1 1
46 56 3 56 1 1
46 57 5 57 1 1
46 58 2 58 1 1
46 59 2 59 1 1
46 60 1 60 1 1
46 61 3 61 1 1
46 62 4 62 1 1
46 63 4 63 1 1
46 64 3 64 1 1
46 65 3 65 1 1
46 66 3 66 1 1
46 67 3 67 1 1
46 68 2 68 1 1
47 1 2 1 1 1
47 2 2 2 1 1
47 3 4 3 1 1
47 4 2 4 1 1
47 5 1 5 1 1
47 6 4 6 1 1
47 7 3 7 1 1
47 8 1 8 1 0
47 9 4 9 1 1
47 10 5 10 1 1
47 11 3 11 1 1
47 12 1 12 1 1
47 13 4 13 1 1
47 14 1 14 1 1
47 15 2 15 1 1
47 16 2 16 1 1
47 17 2 17 1 1
47 18 1 18 1 1
47 19 4 19 1 1
47 20 5 20 1 1
47 21 5 21 1 1
47 22 4 22 1 1
47 23 1 23 1 1
47 24 3 24 1 1
47 25 5 25 1 1
47 26 1 26 1 1
47 27 3 27 1 1
47 28 1 28 1 1
47 29 1 29 1 1
47 30 1 30 1 1
47 31 4 31 1 1
47 32 5 32 1 1
47 33 1 33 1 1
47 34 3 34 1 1
47 35 3 35 1 1
47 36 5 36 1 1
47 37 3 37 1 1
47 38 3 38 1 1
47 39 2 39 1 1
47 40 5 40 1 1
47 41 1 41 1 1
47 42 5 42 1 1
47 43 1 43 1 1
47 44 4 44 1 1
47 45 3 45 1 1
47 46 5 46 1 1
47 47 3 47 1 1
47 48 2 48 1 1
47 49 1 49 1 1
47 50 3 50 1 1
47 51 3 51 1 1
47 52 3 52 1 1
47 53 4 53 1 1
47 54 3 54 1 1
47 55 5 55 1 1
47 56 3 56 1 1
47 57 5 57 1 1
47 58 3 58 1 1
47 59 4 59 1 1
47 60 4 60 3 0
47 61 4 61 1 1
47 62 5 62 1 1
47 63 5 63 1 1
47 64 2 64 1 1
47 65 5 65 1 1
47 66 1 66 1 1
47 67 2 67 1 1
47 68 5 68 1 1
48 1 3 1 1 1
48 2 3 2 1 1
48 3 4 3 1 1
48 4 1 4 1 1
48 5 1 5 1 1
48 6 4 6 1 1
48 7 3 7 1 1
48 8 1 8 1 1
48 9 4 9 1 1
48 10 4 10 1 1
48 11 4 11 1 1
48 12 5 12 1 1
48 13 5 13 1 1
48 14 2 14 1 1
48 15 5 15 1 1
48 16 1 16 1 1
48 17 1 17 1 1
48 18 1 18 1 1
48 19 1 19 1 1
48 20 2 20 1 1
48 21 2 21 1 1
48 22 3 22 1 1
48 23 5 23 1 1
48 24 5 24 1 1
48 25 2 25 1 1
48 26 3 26 1 1
48 27 5 27 1 1
48 28 3 28 1 1
48 29 5 29 1 1
48 30 5 30 1 1
48 31 3 31 1 1
48 32 5 32 1 1
48 33 3 33 1 1
48 34 5 34 1 1
48 35 3 35 1 1
48 36 1 36 1 1
48 37 3 37 1 1
48 38 3 38 1 1
48 39 4 39 1 1
48 40 2 40 1 1
48 41 1 41 1 1
48 42 5 42 1 1
48 43 3 43 1 1
48 44 3 44 1 1
48 45 1 45 1 1
48 46 2 46 1 1
48 47 4 47 1 1
48 48 3 48 1 1
48 49 3 49 1 1
48 50 1 50 1 1
48 51 5 51 1 1
48 52 1 52 1 1
48 53 1 53 1 1
48 54 4 54 1 1
48 55 3 55 1 1
48 56 1 56 1 1
48 57 5 57 1 1
48 58 1 58 1 1
48 59 4 59 1 1
48 60 5 60 1 1
48 61 5 61 1 1
48 62 3 62 1 1
48 63 1 63 1 1
48 64 3 64 1 1
48 65 5 65 1 1
48 66 3 66 1 1
48 67 1 67 1 1
48 68 1 68 1 1
49 1 3 1 2 1
49 2 3 2 2 1
49 3 3 3 2 1
49 4 3 4 2 1
49 5 5 5 2 1
49 6 2 6 2 1
49 7 5 7 2 1
49 8 5 8 2 1
49 9 2 9 2 1
49 10 1 10 2 1
49 11 2 11 2 1
49 12 5 12 2 1
49 13 3 13 2 1
49 14 3 14 2 1
49 15 4 15 2 1
49 16 3 16 2 1
49 17 3 17 2 1
49 18 2 18 2 1
49 19 1 19 2 1
49 20 5 20 2 1
49 21 3 21 2 1
49 22 4 22 2 1
49 23 5 23 2 1
49 24 2 24 2 1
49 25 2 25 2 1
49 26 2 26 2 1
49 27 4 27 2 1
49 28 5 28 2 1
49 29 4 29 2 1
49 30 3 30 2 1
49 31 2 31 2 1
49 32 4 32 2 1
49 33 2 33 2 1
49 34 4 34 2 1
49 35 4 35 2 1
49 36 2 36 2 1
49 37 2 37 2 1
49 38 3 38 1 1
49 39 3 39 2 1
49 40 4 40 2 1
49 41 4 41 2 1
49 42 1 42 2 1
49 43 1 43 2 1
49 44 5 44 2 1
49 45 5 45 2 1
49 46 2 46 2 1
49 47 2 47 2 1
49 48 5 48 2 1
49 49 3 49 2 1
49 50 5 50 2 1
49 51 1 51 2 1
49 52 4 52 2 1
49 53 4 53 2 1
49 54 1 54 2 1
49 55 2 55 2 1
49 56 5 56 2 1
49 57 2 57 2 1
49 58 3 58 2 1
49 59 4 59 2 1
49 60 3 60 2 1
49 61 5 61 2 1
49 62 1 62 2 1
49 63 3 63 2 1
49 64 2 64 2 1
49 65 1 65 2 1
49 66 3 66 2 1
49 67 4 67 2 1
49 68 5 68 2 1
50 1 2 1 2 1
50 2 5 2 2 1
50 3 2 3 2 1
50 4 1 4 2 1
50 5 2 5 2 1
50 6 5 6 2 1
50 7 2 7 2 1
50 8 4 8 2 1
50 9 5 9 2 1
50 10 2 10 2 1
50 11 2 11 2 1
50 12 3 12 2 1
50 13 4 13 2 1
50 14 2 14 2 1
50 15 3 15 2 1
50 16 1 16 2 1
50 17 4 17 2 1
50 18 5 18 2 1
50 19 2 19 2 1
50 20 4 20 2 1
50 21 3 21 2 1
50 22 1 22 2 1
50 23 2 23 2 1
50 24 2 24 2 1
50 25 2 25 2 1
50 26 4 26 2 1
50 27 3 27 2 1
50 28 4 28 2 1
50 29 5 29 2 1
50 30 1 30 2 1
50 31 2 31 2 1
50 32 1 32 2 1
50 33 5 33 2 1
50 34 5 34 2 1
50 35 4 35 2 1
50 36 4 36 2 1
50 37 2 37 2 1
50 38 5 38 2 1
50 39 3 39 2 1
50 40 4 40 2 1
50 41 5 41 2 1
50 42 3 42 2 1
50 43 2 43 2 1
50 44 2 44 2 1
50 45 1 45 2 1
50 46 1 46 2 1
50 47 1 47 2 1
50 48 3 48 2 1
50 49 4 49 2 1
50 50 3 50 2 1
50 51 1 51 2 1
50 52 5 52 2 1
50 53 3 53 2 1
50 54 5 54 2 1
50 55 1 55 2 1
50 56 5 56 2 1
50 57 2 57 2 1
50 58 1 58 2 1
50 59 1 59 2 1
50 60 5 60 2 1
50 61 5 61 2 1
50 62 2 62 2 1
50 63 4 63 2 1
50 64 1 64 2 1
50 65 3 65 2 1
50 66 3 66 2 1
50 67 3 67 2 1
50 68 5 68 2 1
51 1 4 1 2 1
51 2 5 2 2 1
51 3 4 3 2 1
51 4 1 4 2 1
51 5 4 5 2 1
51 6 5 6 2 1
51 7 1 7 2 1
51 8 1 8 2 1
51 9 3 9 2 1
51 10 3 10 2 1
51 11 4 11 2 1
51 12 4 12 2 1
51 13 2 13 2 1
51 14 4 14 2 1
51 15 4 15 2 1
51 16 2 16 2 1
51 17 3 17 2 1
51 18 2 18 2 1
51 19 1 19 2 1
51 20 1 20 2 1
51 21 1 21 2 1
51 22 1 22 2 1
51 23 5 23 2 1
51 24 1 24 2 1
51 25 1 25 2 1
51 26 5 26 2 1
51 27 3 27 2 1
51 28 2 28 2 1
51 29 4 29 2 1
51 30 1 30 2 1
51 31 1 31 2 1
51 32 1 32 2 1
51 33 1 33 2 1
51 34 5 34 2 1
51 35 5 35 2 1
51 36 1 36 2 1
51 37 1 37 2 1
51 38 4 38 2 1
51 39 5 39 2 1
51 40 5 40 2 1
51 41 3 41 2 1
51 42 3 42 2 1
51 43 1 43 2 1
51 44 3 44 2 1
51 45 2 45 2 1
51 46 1 46 2 1
51 47 2 47 2 1
51 48 1 48 2 1
51 49 4 49 2 1
51 50 1 50 2 1
51 51 1 51 2 1
51 52 5 52 2 1
51 53 5 53 2 1
51 54 1 54 2 1
51 55 1 55 2 1
51 56 5 56 2 1
51 57 4 57 2 1
51 58 2 58 2 1
51 59 5 59 2 1
51 60 4 60 2 1
51 61 3 61 2 1
51 62 5 62 2 1
51 63 5 63 2 1
51 64 4 64 2 1
51 65 1 65 2 1
51 66 3 66 2 1
51 67 4 67 2 1
51 68 2 68 2 1
52 1 3 1 2 1
52 2 4 2 2 1
52 3 3 3 2 1
52 4 3 4 2 0
52 5 5 5 2 0
52 6 3 6 2 0
52 7 5 7 2 1
52 8 1 8 2 0
52 9 1 9 2 1
52 10 1 10 2 0
52 11 2 11 2 0
52 12 2 12 2 0
52 13 4 13 2 1
52 14 2 14 2 1
52 15 2 15 1 0
52 16 5 16 2 1
52 17 4 17 2 1
52 18 1 18 2 1
52 19 3 19 2 0
52 20 2 20 2 1
52 21 3 21 2 0
52 22 1 22 2 1
52 23 5 23 2 1
52 24 1 24 2 1
52 25 5 25 2 1
52 26 3 26 2 1
52 27 3 27 2 1
52 28 1 28 2 0
52 29 1 29 2 0
52 30 3 30 2 0
52 31 3 31 2 0
52 32 5 32 2 0
52 33 3 33 2 0
52 34 5 34 2 0
52 35 5 35 2 0
52 36 1 36 2 0
52 37 2 37 2 1
52 38 2 38 2 1
52 39 2 39 2 1
52 40 1 40 2 1
52 41 1 41 2 0
52 42 1 42 2 0
52 43 2 43 2 0
52 44 5 44 2 0
52 45 2 45 2 0
52 46 5 46 2 0
52 47 3 47 2 1
52 48 4 48 2 1
52 49 3 49 2 1
52 50 5 50 2 1
52 51 4 51 2 1
52 52 5 52 2 0
52 53 2 53 2 0
52 54 3 54 2 0
52 55 2 55 2 1
52 56 5 56 2 1
52 57 4 57 2 1
52 58 3 58 2 1
52 59 4 59 2 1
52 60 1 60 2 1
52 61 5 61 2 1
52 62 2 62 2 1
52 63 4 63 2 1
52 64 2 64 2 1
52 65 4 65 2 1
52 66 3 66 2 1
52 67 5 67 2 1
52 68 2 68 2 1
53 1 5 1 2 1
53 2 4 2 2 1
53 3 5 3 2 1
53 4 2 4 2 1
53 5 5 5 2 1
53 6 5 6 2 1
53 7 4 7 2 1
53 8 3 8 2 1
53 9 4 9 2 1
53 10 3 10 2 1
53 11 1 11 2 1
53 12 4 12 2 1
53 13 2 13 2 1
53 14 3 14 2 1
53 15 3 15 2 1
53 16 2 16 2 1
53 17 3 17 2 1
53 18 4 18 2 1
53 19 4 19 2 1
53 20 4 20 2 1
53 21 2 21 2 1
53 22 2 22 2 1
53 23 3 23 2 1
53 24 5 24 2 1
53 25 4 25 2 1
53 26 3 26 2 1
53 27 5 27 2 1
53 28 1 28 2 1
53 29 4 29 2 1
53 30 3 30 2 0
53 31 3 31 2 1
53 32 2 32 2 1
53 33 2 33 2 1
53 34 1 34 2 1
53 35 2 35 2 1
53 36 2 36 2 1
53 37 4 37 2 1
53 38 3 38 2 1
53 39 5 39 2 1
53 40 1 40 2 1
53 41 5 41 2 1
53 42 2 42 2 1
53 43 4 43 2 1
53 44 2 44 2 1
53 45 2 45 2 1
53 46 5 46 2 1
53 47 5 47 2 1
53 48 3 48 2 1
53 49 4 49 2 1
53 50 4 50 2 1
53 51 4 51 2 1
53 52 1 52 2 1
53 53 2 53 2 1
53 54 5 54 2 1
53 55 5 55 2 0
53 56 2 56 2 1
53 57 2 57 2 1
53 58 5 58 2 1
53 59 3 59 2 1
53 60 2 60 2 1
53 61 1 61 2 1
53 62 2 62 2 1
53 63 2 63 2 1
53 64 2 64 2 1
53 65 1 65 2 1
53 66 2 66 2 1
53 67 1 67 2 1
53 68 5 68 2 1
54 1 1 1 2 1
54 2 4 2 2 1
54 3 3 3 2 1
54 4 4 4 2 1
54 5 4 5 2 1
54 6 1 6 2 1
54 7 5 7 2 1
54 8 2 8 2 1
54 9 2 9 2 1
54 10 5 10 2 1
54 11 2 11 2 1
54 12 4 12 2 1
54 13 4 13 2 1
54 14 3 14 2 1
54 15 2 15 2 1
54 16 1 16 2 1
54 17 2 17 2 1
54 18 3 18 2 1
54 19 4 19 2 1
54 20 5 20 2 1
54 21 1 21 2 1
54 22 4 22 2 1
54 23 2 23 2 1
54 24 3 24 2 1
54 25 5 25 2 1
54 26 1 26 2 1
54 27 3 27 2 1
54 28 1 28 2 1
54 29 1 29 2 1
54 30 4 30 2 1
54 31 4 31 2 1
54 32 5 32 2 1
54 33 4 33 2 1
54 34 3 34 2 1
54 35 1 35 2 1
54 36 5 36 2 1
54 37 3 37 2 1
54 38 1 38 2 0
54 39 2 39 2 1
54 40 5 40 2 1
54 41 1 41 2 1
54 42 5 42 2 1
54 43 1 43 2 1
54 44 4 44 2 1
54 45 3 45 2 1
54 46 3 46 2 1
54 47 3 47 2 1
54 48 2 48 2 1
54 49 1 49 2 1
54 50 3 50 2 1
54 51 5 51 2 1
54 52 3 52 2 1
54 53 4 53 2 1
54 54 3 54 2 1
54 55 3 55 2 1
54 56 3 56 2 1
54 57 5 57 2 1
54 58 3 58 2 1
54 59 4 59 2 1
54 60 3 60 2 1
54 61 4 61 2 1
54 62 5 62 2 1
54 63 5 63 2 1
54 64 3 64 2 1
54 65 5 65 2 1
54 66 2 66 2 1
54 67 2 67 2 1
54 68 1 68 2 1
55 1 3 1 3 1
55 2 4 2 3 1
55 3 2 3 3 1
55 4 1 4 3 1
55 5 1 5 3 1
55 6 2 6 3 1
55 7 3 7 3 1
55 8 1 8 3 1
55 9 2 9 3 1
55 10 3 10 3 1
55 11 3 11 3 1
55 12 5 12 3 1
55 13 5 13 3 1
55 14 1 14 3 1
55 15 3 15 3 1
55 16 2 16 3 1
55 17 3 17 3 1
55 18 4 18 3 1
55 19 2 19 3 1
55 20 2 20 3 1
55 21 2 21 3 1
55 22 2 22 3 1
55 23 2 23 3 1
55 24 3 24 3 1
55 25 4 25 3 1
55 26 3 26 3 1
55 27 4 27 3 1
55 28 1 28 3 1
55 29 5 29 3 1
55 30 5 30 3 1
55 31 2 31 3 1
55 32 1 32 3 1
55 33 5 33 3 1
55 34 3 34 3 1
55 35 5 35 3 1
55 36 4 36 3 1
55 37 1 37 3 1
55 38 1 38 3 1
55 39 5 39 3 1
55 40 1 40 3 1
55 41 4 41 3 1
55 42 2 42 3 1
55 43 4 43 3 1
55 44 4 44 3 1
55 45 1 45 3 1
55 46 5 46 3 1
55 47 4 47 3 1
55 48 5 48 3 1
55 49 4 49 3 1
55 50 4 50 3 1
55 51 5 51 3 1
55 52 4 52 3 1
55 53 1 53 3 1
55 54 2 54 3 1
55 55 3 55 3 1
55 56 1 56 3 1
55 57 1 57 3 1
55 58 2 58 3 1
55 59 2 59 3 1
55 60 1 60 3 1
55 61 3 61 3 1
55 62 1 62 3 1
55 63 4 63 3 1
55 64 3 64 3 1
55 65 2 65 3 1
55 66 2 66 3 1
55 67 4 67 3 1
55 68 2 68 3 1
56 1 2 1 3 1
56 2 4 2 3 1
56 3 3 3 3 1
56 4 5 4 3 1
56 5 5 5 3 1
56 6 3 6 3 1
56 7 3 7 3 1
56 8 3 8 3 1
56 9 2 9 3 1
56 10 1 10 3 1
56 11 1 11 3 1
56 12 1 12 3 1
56 13 3 13 3 1
56 14 1 14 3 1
56 15 1 15 3 1
56 16 5 16 3 1
56 17 1 17 3 1
56 18 4 18 3 1
56 19 4 19 3 1
56 20 3 20 3 1
56 21 2 21 3 1
56 22 2 22 3 1
56 23 1 23 3 1
56 24 5 24 3 1
56 25 5 25 3 1
56 26 1 26 3 1
56 27 1 27 3 1
56 28 1 28 3 1
56 29 5 29 3 1
56 30 1 30 3 1
56 31 4 31 3 1
56 32 3 32 3 1
56 33 2 33 3 1
56 34 3 34 3 1
56 35 5 35 3 1
56 36 3 36 3 1
56 37 4 37 3 1
56 38 1 38 3 1
56 39 4 39 3 1
56 40 5 40 3 1
56 41 4 41 3 1
56 42 5 42 3 1
56 43 3 43 3 1
56 44 4 44 3 1
56 45 1 45 3 1
56 46 2 46 3 1
56 47 5 47 3 1
56 48 1 48 3 1
56 49 4 49 3 1
56 50 2 50 3 1
56 51 2 51 3 1
56 52 1 52 3 1
56 53 4 53 3 1
56 54 5 54 3 1
56 55 3 55 3 1
56 56 1 56 3 1
56 57 2 57 3 1
56 58 3 58 3 1
56 59 3 59 3 1
56 60 4 60 3 1
56 61 4 61 3 1
56 62 5 62 3 1
56 63 1 63 3 1
56 64 5 64 3 1
56 65 4 65 3 1
56 66 3 66 3 1
56 67 5 67 3 1
56 68 1 68 3 1
57 1 1 1 3 1
57 2 5 2 3 1
57 3 4 3 3 1
57 4 1 4 3 1
57 5 2 5 3 1
57 6 3 6 3 1
57 7 5 7 3 1
57 8 4 8 3 1
57 9 3 9 3 1
57 10 1 10 3 1
57 11 4 11 3 1
57 12 2 12 3 1
57 13 5 13 3 1
57 14 4 14 3 1
57 15 1 15 3 1
57 16 5 16 3 1
57 17 4 17 3 1
57 18 4 18 3 1
57 19 4 19 3 1
57 20 3 20 3 1
57 21 1 21 3 1
57 22 3 22 3 1
57 23 4 23 3 1
57 24 3 24 3 1
57 25 4 25 3 1
57 26 5 26 3 1
57 27 3 27 3 1
57 28 4 28 3 1
57 29 5 29 3 1
57 30 2 30 3 1
57 31 5 31 3 1
57 32 1 32 3 1
57 33 1 33 3 1
57 34 2 34 3 1
57 35 5 35 3 1
57 36 1 36 3 1
57 37 1 37 3 1
57 38 1 38 3 1
57 39 2 39 3 1
57 40 2 40 3 1
57 41 1 41 3 1
57 42 2 42 3 1
57 43 1 43 3 1
57 44 4 44 3 1
57 45 1 45 3 1
57 46 4 46 3 1
57 47 1 47 3 1
57 48 4 48 3 1
57 49 5 49 3 1
57 50 3 50 3 1
57 51 3 51 3 1
57 52 4 52 3 1
57 53 3 53 3 1
57 54 1 54 3 1
57 55 3 55 3 1
57 56 2 56 3 1
57 57 3 57 3 1
57 58 2 58 3 1
57 59 2 59 3 1
57 60 2 60 3 1
57 61 4 61 3 1
57 62 5 62 3 1
57 63 1 63 3 1
57 64 2 64 3 1
57 65 2 65 3 1
57 66 5 66 3 1
57 67 1 67 3 1
57 68 3 68 3 1
58 1 3 1 2 1
58 2 2 2 2 1
58 3 3 3 2 1
58 4 3 4 2 1
58 5 2 5 2 1
58 6 3 6 2 1
58 7 2 7 2 1
58 8 1 8 2 1
58 9 2 9 2 1
58 10 5 10 2 1
58 11 1 11 2 1
58 12 1 12 2 1
58 13 5 13 2 1
58 14 5 14 2 1
58 15 4 15 2 1
58 16 2 16 2 1
58 17 4 17 2 1
58 18 5 18 2 1
58 19 3 19 2 1
58 20 5 20 2 1
58 21 1 21 2 1
58 22 1 22 2 1
58 23 1 23 2 1
58 24 2 24 2 1
58 25 2 25 2 1
58 26 1 26 2 1
58 27 4 27 2 1
58 28 4 28 2 1
58 29 3 29 2 1
58 30 1 30 2 1
58 31 5 31 2 1
58 32 1 32 2 1
58 33 5 33 2 1
58 34 1 34 2 1
58 35 5 35 2 1
58 36 5 36 2 1
58 37 1 37 2 1
58 38 2 38 2 1
58 39 4 39 2 1
58 40 2 40 2 1
58 41 3 41 2 1
58 42 5 42 2 1
58 43 3 43 2 1
58 44 4 44 2 1
58 45 5 45 2 1
58 46 3 46 2 1
58 47 3 47 2 1
58 48 2 48 2 1
58 49 5 49 2 1
58 50 3 50 2 1
58 51 4 51 2 1
58 52 5 52 2 1
58 53 1 53 2 1
58 54 3 54 2 1
58 55 4 55 2 1
58 56 4 56 2 1
58 57 1 57 2 1
58 58 1 58 2 1
58 59 5 59 2 1
58 60 2 60 2 1
58 61 5 61 2 1
58 62 3 62 2 1
58 63 4 63 2 1
58 64 4 64 2 1
58 65 3 65 2 1
58 66 1 66 2 1
58 67 4 67 2 1
58 68 3 68 2 1
59 1 5 1 2 1
59 2 4 2 2 1
59 3 2 3 2 1
59 4 2 4 2 1
59 5 4 5 2 1
59 6 2 6 2 1
59 7 5 7 2 1
59 8 5 8 2 1
59 9 3 9 2 1
59 10 1 10 2 1
59 11 1 11 2 1
59 12 5 12 2 1
59 13 5 13 2 1
59 14 3 14 2 1
59 15 5 15 2 1
59 16 3 16 2 1
59 17 3 17 2 1
59 18 3 18 2 1
59 19 2 19 2 1
59 20 3 20 2 1
59 21 3 21 2 1
59 22 5 22 2 1
59 23 5 23 2 1
59 24 3 24 2 1
59 25 1 25 2 1
59 26 4 26 2 1
59 27 4 27 2 1
59 28 3 28 2 1
59 29 2 29 2 1
59 30 2 30 2 1
59 31 2 31 2 1
59 32 1 32 2 1
59 33 1 33 2 1
59 34 1 34 2 1
59 35 2 35 2 1
59 36 1 36 2 1
59 37 2 37 2 1
59 38 2 38 2 1
59 39 1 39 2 1
59 40 3 40 2 1
59 41 5 41 2 1
59 42 3 42 2 1
59 43 5 43 2 1
59 44 2 44 2 1
59 45 4 45 2 1
59 46 2 46 2 1
59 47 5 47 2 1
59 48 2 48 2 1
59 49 3 49 2 1
59 50 1 50 2 1
59 51 1 51 2 1
59 52 4 52 2 1
59 53 3 53 2 1
59 54 2 54 2 1
59 55 4 55 2 1
59 56 1 56 2 1
59 57 3 57 2 1
59 58 4 58 2 1
59 59 3 59 2 1
59 60 4 60 2 1
59 61 5 61 2 1
59 62 4 62 2 1
59 63 4 63 2 1
59 64 2 64 2 1
59 65 2 65 2 1
59 66 1 66 2 1
59 67 3 67 2 1
59 68 1 68 2 1
60 1 1 1 2 1
60 2 2 2 2 1
60 3 5 3 2 1
60 4 5 4 2 1
60 5 1 5 2 1
60 6 2 6 2 0
60 7 5 7 2 1
60 8 1 8 2 1
60 9 3 9 2 1
60 10 4 10 2 1
60 11 3 11 2 1
60 12 5 12 2 1
60 13 2 13 2 1
60 14 1 14 2 1
60 15 2 15 2 1
60 16 4 16 2 1
60 17 3 17 2 1
60 18 3 18 2 1
60 19 5 19 2 1
60 20 1 20 2 1
60 21 3 21 2 1
60 22 5 22 2 1
60 23 5 23 2 1
60 24 3 24 2 1
60 25 3 25 2 1
60 26 3 26 2 1
60 27 2 27 2 1
60 28 2 28 2 1
60 29 1 29 2 1
60 30 5 30 2 1
60 31 2 31 2 1
60 32 5 32 2 1
60 33 1 33 2 1
60 34 2 34 2 1
60 35 3 35 2 1
60 36 5 36 2 1
60 37 5 37 2 1
60 38 3 38 2 1
60 39 2 39 2 1
60 40 4 40 2 1
60 41 1 41 2 1
60 42 3 42 2 1
60 43 3 43 2 1
60 44 3 44 2 1
60 45 4 45 2 1
60 46 4 46 2 1
60 47 4 47 2 1
60 48 4 48 2 1
60 49 2 49 2 1
60 50 3 50 2 1
60 51 5 51 2 1
60 52 3 52 2 1
60 53 3 53 2 1
60 54 3 54 2 1
60 55 2 55 2 1
60 56 1 56 2 1
60 57 3 57 2 1
60 58 4 58 2 1
60 59 3 59 2 1
60 60 4 60 2 1
60 61 4 61 2 1
60 62 3 62 2 1
60 63 3 63 2 1
60 64 4 64 2 1
60 65 4 65 2 1
60 66 4 66 2 1
60 67 2 67 2 1
60 68 1 68 2 1
61 1 4 1 1 1
61 2 1 2 1 1
61 3 4 3 1 1
61 4 3 4 1 1
61 5 3 5 1 0
61 6 1 6 1 0
61 7 4 7 1 0
61 8 1 8 1 1
61 9 3 9 1 1
61 10 5 10 1 0
61 11 2 11 1 0
61 12 2 12 1 0
61 13 3 13 0 1
61 14 5 14 0 1
61 15 2 15 0 1
61 16 3 16 0 1
61 17 1 17 0 1
61 18 1 18 0 1
61 19 2 19 0 1
61 20 4 20 0 1
61 21 3 21 0 1
61 22 1 22 0 1
61 23 1 23 0 1
61 24 2 24 0 1
61 25 3 25 1 1
61 26 4 26 1 1
61 27 2 27 1 1
61 28 3 28 1 0
61 29 5 29 1 0
61 30 5 30 1 0
61 31 2 31 1 0
61 32 4 32 1 0
61 33 5 33 1 1
61 34 5 34 1 0
61 35 1 35 1 0
61 36 5 36 1 1
61 37 1 37 1 1
61 38 1 38 1 1
61 39 5 39 1 1
61 40 1 40 1 1
61 41 4 41 1 0
61 42 4 42 1 0
61 43 2 43 1 0
61 44 2 44 1 1
61 45 3 45 1 1
61 46 1 46 1 0
61 47 3 47 1 0
61 48 1 48 1 1
61 49 2 49 1 1
61 50 3 50 1 1
61 51 1 51 1 1
61 52 3 52 1 1
61 53 4 53 1 1
61 54 2 54 1 0
61 55 5 55 1 1
61 56 4 56 1 1
61 57 1 57 1 1
61 58 2 58 1 1
61 59 4 59 1 1
61 60 3 60 1 1
61 61 2 61 1 1
61 62 1 62 1 1
61 63 3 63 1 1
61 64 4 64 1 1
61 65 3 65 1 1
61 66 4 66 1 1
61 67 3 67 1 1
61 68 5 68 1 1
62 1 3 1 1 1
62 2 4 2 1 1
62 3 3 3 1 1
62 4 3 4 1 1
62 5 4 5 1 1
62 6 3 6 1 1
62 7 1 7 1 1
62 8 3 8 1 1
62 9 2 9 1 1
62 10 5 10 1 1
62 11 3 11 1 1
62 12 4 12 1 1
62 13 3 13 1 1
62 14 5 14 1 1
62 15 1 15 1 1
62 16 5 16 1 1
62 17 3 17 1 1
62 18 4 18 1 1
62 19 2 19 1 1
62 20 1 20 1 1
62 21 5 21 1 1
62 22 1 22 1 1
62 23 4 23 1 1
62 24 3 24 1 1
62 25 5 25 1 1
62 26 3 26 1 1
62 27 3 27 1 1
62 28 3 28 1 1
62 29 1 29 1 1
62 30 1 30 1 1
62 31 2 31 1 1
62 32 4 32 1 1
62 33 4 33 1 1
62 34 2 34 1 1
62 35 1 35 1 1
62 36 4 36 1 1
62 37 2 37 1 1
62 38 4 38 1 1
62 39 5 39 1 1
62 40 2 40 1 1
62 41 2 41 1 1
62 42 5 42 1 1
62 43 4 43 1 1
62 44 3 44 1 1
62 45 5 45 1 1
62 46 4 46 1 1
62 47 1 47 1 1
62 48 3 48 1 1
62 49 4 49 1 1
62 50 1 50 1 1
62 51 1 51 1 1
62 52 4 52 1 1
62 53 2 53 1 1
62 54 3 54 1 1
62 55 5 55 1 1
62 56 5 56 1 1
62 57 2 57 1 1
62 58 4 58 1 1
62 59 4 59 1 1
62 60 3 60 1 1
62 61 3 61 1 1
62 62 2 62 1 1
62 63 1 63 1 1
62 64 1 64 1 1
62 65 1 65 1 1
62 66 2 66 1 1
62 67 4 67 1 1
62 68 5 68 1 1
63 1 4 1 1 1
63 2 4 2 1 1
63 3 5 3 1 1
63 4 5 4 1 1
63 5 5 5 1 1
63 6 4 6 1 1
63 7 1 7 1 1
63 8 2 8 1 1
63 9 1 9 1 1
63 10 1 10 1 1
63 11 2 11 1 1
63 12 4 12 1 1
63 13 3 13 1 1
63 14 3 14 1 1
63 15 5 15 1 1
63 16 4 16 1 1
63 17 1 17 1 1
63 18 3 18 1 1
63 19 5 19 1 1
63 20 2 20 1 1
63 21 3 21 1 1
63 22 3 22 1 1
63 23 5 23 1 1
63 24 1 24 1 1
63 25 1 25 1 1
63 26 1 26 1 1
63 27 5 27 1 1
63 28 1 28 1 1
63 29 2 29 1 1
63 30 2 30 1 1
63 31 1 31 1 1
63 32 5 32 1 1
63 33 3 33 1 1
63 34 1 34 1 1
63 35 1 35 1 1
63 36 2 36 1 1
63 37 1 37 1 1
63 38 4 38 1 1
63 39 3 39 1 1
63 40 1 40 1 1
63 41 2 41 1 1
63 42 3 42 1 1
63 43 1 43 1 1
63 44 5 44 1 1
63 45 1 45 1 1
63 46 4 46 1 1
63 47 5 47 1 1
63 48 4 48 1 1
63 49 1 49 1 1
63 50 1 50 1 1
63 51 4 51 1 1
63 52 5 52 1 1
63 53 1 53 1 1
63 54 4 54 1 1
63 55 4 55 1 1
63 56 4 56 1 1
63 57 5 57 1 1
63 58 2 58 1 1
63 59 4 59 1 1
63 60 3 60 1 1
63 61 4 61 1 1
63 62 1 62 1 1
63 63 2 63 1 1
63 64 3 64 1 1
63 65 4 65 1 1
63 66 2 66 1 1
63 67 2 67 1 0
63 68 2 68 1 1
64 1 4 1 1 1
64 2 5 2 1 1
64 3 2 3 1 1
64 4 5 4 1 1
64 5 2 5 1 1
64 6 2 6 1 1
64 7 4 7 1 1
64 8 2 8 1 1
64 9 1 9 1 1
64 10 2 10 1 1
64 11 1 11 1 1
64 12 1 12 1 1
64 13 4 13 1 1
64 14 4 14 1 1
64 15 1 15 1 1
64 16 5 16 1 1
64 17 3 17 1 1
64 18 5 18 1 1
64 19 5 19 1 1
64 20 1 20 1 1
64 21 2 21 1 1
64 22 4 22 1 1
64 23 2 23 1 1
64 24 5 24 1 1
64 25 3 25 1 1
64 26 2 26 1 1
64 27 5 27 1 1
64 28 3 28 1 1
64 29 3 29 1 1
64 30 2 30 1 1
64 31 2 31 1 0
64 32 1 32 1 0
64 33 3 33 1 1
64 34 5 34 1 0
64 35 4 35 1 1
64 36 3 36 1 1
64 37 4 37 1 1
64 38 3 38 1 1
64 39 5 39 1 1
64 40 5 40 1 1
64 41 5 41 1 1
64 42 1 42 1 1
64 43 2 43 1 1
64 44 2 44 1 1
64 45 1 45 1 1
64 46 4 46 1 1
64 47 3 47 1 1
64 48 4 48 1 1
64 49 3 49 1 1
64 50 1 50 1 1
64 51 2 51 1 1
64 52 5 52 1 1
64 53 2 53 1 1
64 54 4 54 1 1
64 55 3 55 1 1
64 56 2 56 1 1
64 57 3 57 1 1
64 58 2 58 1 1
64 59 1 59 1 1
64 60 4 60 1 1
64 61 5 61 1 1
64 62 1 62 1 1
64 63 5 63 1 1
64 64 4 64 1 1
64 65 2 65 1 1
64 66 1 66 1 1
64 67 2 67 1 1
64 68 4 68 1 1
65 1 3 1 1 1
65 2 1 2 1 1
65 3 4 3 1 1
65 4 5 4 1 1
65 5 3 5 1 1
65 6 2 6 1 1
65 7 1 7 1 1
65 8 2 8 1 1
65 9 1 9 1 1
65 10 2 10 1 1
65 11 5 11 1 1
65 12 1 12 1 1
65 13 5 13 1 1
65 14 4 14 1 1
65 15 1 15 1 1
65 16 5 16 1 1
65 17 2 17 1 1
65 18 2 18 1 1
65 19 5 19 1 1
65 20 2 20 1 1
65 21 4 21 1 1
65 22 1 22 1 1
65 23 5 23 1 1
65 24 5 24 1 1
65 25 4 25 1 1
65 26 5 26 1 1
65 27 3 27 1 1
65 28 2 28 1 0
65 29 2 29 1 0
65 30 5 30 1 0
65 31 5 31 1 1
65 32 3 32 1 0
65 33 3 33 1 1
65 34 2 34 1 0
65 35 2 35 1 0
65 36 1 36 1 1
65 37 4 37 1 1
65 38 3 38 1 1
65 39 5 39 1 1
65 40 1 40 1 1
65 41 3 41 1 1
65 42 4 42 1 1
65 43 1 43 1 1
65 44 4 44 1 1
65 45 3 45 1 1
65 46 4 46 1 1
65 47 2 47 1 1
65 48 2 48 1 1
65 49 3 49 1 1
65 50 1 50 1 1
65 51 2 51 1 1
65 52 5 52 1 1
65 53 4 53 1 1
65 54 5 54 1 1
65 55 3 55 1 1
65 56 3 56 1 1
65 57 4 57 1 1
65 58 2 58 1 1
65 59 4 59 1 1
65 60 2 60 1 1
65 61 5 61 1 1
65 62 5 62 1 1
65 63 3 63 1 1
65 64 1 64 1 1
65 65 4 65 1 1
65 66 4 66 1 1
65 67 5 67 1 1
65 68 2 68 1 1
66 1 5 1 1 1
66 2 4 2 1 1
66 3 4 3 1 1
66 4 2 4 1 1
66 5 4 5 1 1
66 6 2 6 1 1
66 7 4 7 1 1
66 8 5 8 1 1
66 9 2 9 1 1
66 10 5 10 1 1
66 11 3 11 1 1
66 12 4 12 1 1
66 13 2 13 1 1
66 14 4 14 1 1
66 15 3 15 1 1
66 16 3 16 1 1
66 17 4 17 1 1
66 18 2 18 1 1
66 19 5 19 1 1
66 20 3 20 1 1
66 21 1 21 1 1
66 22 2 22 1 1
66 23 5 23 1 1
66 24 2 24 1 1
66 25 4 25 1 1
66 26 3 26 1 1
66 27 2 27 1 1
66 28 2 28 1 1
66 29 5 29 1 0
66 30 5 30 1 0
66 31 4 31 1 1
66 32 3 32 1 1
66 33 2 33 1 1
66 34 3 34 1 1
66 35 3 35 1 0
66 36 5 36 1 1
66 37 5 37 1 1
66 38 2 38 1 1
66 39 3 39 1 1
66 40 2 40 1 1
66 41 4 41 1 1
66 42 1 42 1 1
66 43 5 43 1 0
66 44 2 44 1 1
66 45 4 45 1 1
66 46 3 46 1 1
66 47 4 47 1 1
66 48 5 48 1 1
66 49 4 49 1 1
66 50 4 50 1 1
66 51 2 51 1 1
66 52 2 52 1 1
66 53 2 53 1 1
66 54 4 54 1 1
66 55 3 55 1 1
66 56 4 56 1 1
66 57 3 57 1 1
66 58 3 58 1 1
66 59 1 59 1 1
66 60 3 60 1 1
66 61 4 61 1 1
66 62 3 62 1 1
66 63 2 63 1 1
66 64 3 64 1 1
66 65 1 65 1 1
66 66 2 66 1 1
66 67 3 67 1 1
66 68 4 68 1 1
67 1 5 1 2 1
67 2 1 2 2 1
67 3 5 3 2 1
67 4 2 4 2 1
67 5 3 5 2 1
67 6 4 6 2 1
67 7 3 7 2 1
67 8 3 8 2 1
67 9 4 9 2 1
67 10 4 10 2 1
67 11 1 11 2 1
67 12 5 12 2 1
67 13 3 13 2 1
67 14 1 14 2 1
67 15 5 15 2 1
67 16 2 16 2 1
67 17 4 17 2 1
67 18 3 18 2 1
67 19 4 19 2 1
67 20 2 20 2 1
67 21 4 21 1 0
67 22 2 22 2 1
67 23 4 23 2 1
67 24 5 24 2 1
67 25 4 25 2 1
67 26 4 26 2 1
67 27 3 27 2 1
67 28 5 28 2 0
67 29 3 29 2 1
67 30 3 30 2 0
67 31 4 31 2 0
67 32 4 32 2 0
67 33 3 33 2 1
67 34 5 34 2 0
67 35 3 35 2 0
67 36 4 36 2 1
67 37 2 37 2 1
67 38 5 38 2 1
67 39 1 39 2 1
67 40 5 40 2 1
67 41 4 41 2 1
67 42 3 42 2 0
67 43 5 43 2 0
67 44 1 44 2 1
67 45 5 45 2 1
67 46 1 46 2 1
67 47 2 47 2 1
67 48 3 48 2 1
67 49 5 49 2 1
67 50 4 50 2 1
67 51 4 51 2 1
67 52 4 52 2 1
67 53 1 53 2 1
67 54 1 54 2 1
67 55 1 55 2 1
67 56 5 56 2 1
67 57 5 57 2 1
67 58 3 58 2 1
67 59 4 59 2 1
67 60 5 60 2 1
67 61 4 61 2 1
67 62 4 62 2 1
67 63 4 63 2 1
67 64 4 64 2 1
67 65 1 65 2 1
67 66 2 66 2 1
67 67 5 67 2 1
67 68 5 68 2 1
68 1 3 1 2 1
68 2 2 2 2 1
68 3 3 3 2 1
68 4 5 4 2 1
68 5 5 5 2 1
68 6 3 6 2 1
68 7 5 7 2 1
68 8 5 8 2 1
68 9 5 9 2 1
68 10 1 10 2 1
68 11 3 11 2 1
68 12 3 12 2 1
68 13 5 13 2 1
68 14 5 14 2 1
68 15 3 15 2 1
68 16 4 16 2 1
68 17 3 17 2 1
68 18 3 18 2 1
68 19 5 19 2 1
68 20 2 20 2 1
68 21 1 21 2 1
68 22 3 22 2 1
68 23 4 23 2 1
68 24 2 24 2 1
68 25 5 25 2 1
68 26 3 26 2 1
68 27 2 27 2 1
68 28 1 28 2 1
68 29 5 29 2 1
68 30 4 30 2 1
68 31 5 31 2 1
68 32 1 32 2 1
68 33 2 33 2 1
68 34 3 34 2 1
68 35 5 35 2 1
68 36 4 36 2 1
68 37 1 37 2 1
68 38 1 38 2 1
68 39 5 39 2 1
68 40 3 40 2 1
68 41 5 41 2 1
68 42 3 42 2 1
68 43 2 43 2 1
68 44 1 44 2 1
68 45 4 45 2 1
68 46 2 46 2 1
68 47 3 47 2 1
68 48 1 48 2 1
68 49 5 49 2 1
68 50 2 50 2 1
68 51 2 51 2 1
68 52 1 52 2 1
68 53 3 53 2 1
68 54 3 54 2 1
68 55 3 55 2 1
68 56 1 56 2 1
68 57 3 57 2 1
68 58 1 58 2 1
68 59 3 59 2 1
68 60 5 60 2 1
68 61 1 61 2 1
68 62 3 62 2 1
68 63 5 63 2 1
68 64 3 64 2 1
68 65 4 65 2 1
68 66 3 66 2 1
68 67 3 67 2 1
68 68 4 68 2 1
69 1 5 1 2 1
69 2 2 2 2 1
69 3 4 3 2 1
69 4 1 4 2 1
69 5 5 5 2 1
69 6 3 6 2 1
69 7 5 7 2 1
69 8 3 8 1 0
69 9 4 9 2 1
69 10 2 10 2 1
69 11 3 11 2 1
69 12 4 12 2 1
69 13 3 13 2 1
69 14 4 14 2 1
69 15 1 15 2 1
69 16 1 16 2 1
69 17 2 17 2 1
69 18 4 18 2 1
69 19 1 19 2 1
69 20 1 20 2 1
69 21 3 21 2 1
69 22 2 22 2 1
69 23 1 23 2 1
69 24 3 24 2 1
69 25 2 25 2 1
69 26 3 26 2 1
69 27 4 27 2 1
69 28 1 28 2 1
69 29 1 29 2 1
69 30 3 30 2 1
69 31 4 31 2 1
69 32 3 32 2 1
69 33 1 33 2 1
69 34 3 34 2 1
69 35 3 35 2 1
69 36 3 36 2 1
69 37 3 37 2 1
69 38 4 38 2 1
69 39 2 39 2 1
69 40 3 40 2 1
69 41 3 41 2 1
69 42 4 42 2 1
69 43 3 43 2 1
69 44 4 44 2 1
69 45 3 45 2 1
69 46 4 46 2 1
69 47 5 47 2 1
69 48 1 48 2 1
69 49 4 49 2 1
69 50 3 50 2 1
69 51 4 51 2 1
69 52 2 52 2 1
69 53 2 53 2 1
69 54 3 54 2 1
69 55 4 55 2 1
69 56 2 56 2 1
69 57 2 57 2 1
69 58 2 58 2 1
69 59 4 59 2 1
69 60 4 60 2 1
69 61 3 61 2 1
69 62 4 62 2 1
69 63 2 63 2 1
69 64 3 64 2 1
69 65 5 65 2 1
69 66 1 66 2 1
69 67 4 67 2 1
69 68 2 68 2 1
70 1 4 1 2 1
70 2 4 2 2 1
70 3 5 3 2 1
70 4 3 4 2 1
70 5 2 5 2 1
70 6 5 6 2 1
70 7 1 7 2 1
70 8 5 8 2 1
70 9 1 9 2 1
70 10 5 10 2 1
70 11 1 11 2 1
70 12 4 12 2 1
70 13 3 13 2 1
70 14 5 14 2 1
70 15 5 15 2 1
70 16 2 16 2 1
70 17 4 17 2 1
70 18 2 18 2 1
70 19 4 19 2 1
70 20 3 20 2 1
70 21 3 21 2 1
70 22 5 22 2 1
70 23 1 23 2 1
70 24 5 24 2 1
70 25 4 25 2 1
70 26 4 26 2 1
70 27 4 27 2 1
70 28 5 28 2 1
70 29 3 29 2 1
70 30 5 30 2 0
70 31 4 31 2 1
70 32 4 32 2 1
70 33 3 33 2 1
70 34 1 34 2 1
70 35 3 35 2 1
70 36 3 36 2 1
70 37 3 37 2 1
70 38 4 38 2 1
70 39 1 39 2 1
70 40 2 40 2 1
70 41 4 41 2 1
70 42 3 42 2 1
70 43 5 43 2 1
70 44 1 44 2 1
70 45 5 45 2 1
70 46 4 46 2 1
70 47 1 47 2 1
70 48 3 48 2 1
70 49 3 49 2 1
70 50 2 50 2 1
70 51 5 51 2 1
70 52 4 52 2 1
70 53 3 53 2 1
70 54 1 54 2 1
70 55 4 55 2 1
70 56 3 56 2 1
70 57 2 57 2 1
70 58 3 58 2 1
70 59 3 59 2 1
70 60 5 60 2 1
70 61 1 61 2 1
70 62 4 62 2 1
70 63 4 63 2 1
70 64 1 64 2 1
70 65 3 65 2 1
70 66 3 66 2 1
70 67 2 67 2 1
70 68 2 68 2 1
71 1 1 1 3 1
71 2 2 2 3 1
71 3 5 3 3 1
71 4 1 4 3 1
71 5 5 5 3 1
71 6 5 6 3 1
71 7 5 7 3 1
71 8 3 8 3 1
71 9 2 9 3 1
71 10 2 10 3 1
71 11 3 11 3 1
71 12 5 12 3 1
71 13 2 13 3 1
71 14 3 14 3 1
71 15 3 15 3 1
71 16 2 16 3 1
71 17 4 17 3 1
71 18 2 18 3 1
71 19 3 19 3 1
71 20 5 20 3 1
71 21 4 21 3 1
71 22 2 22 3 1
71 23 3 23 3 1
71 24 2 24 3 1
71 25 4 25 3 1
71 26 3 26 3 1
71 27 2 27 3 1
71 28 2 28 3 1
71 29 5 29 3 1
71 30 5 30 3 1
71 31 3 31 3 1
71 32 1 32 3 1
71 33 3 33 3 1
71 34 3 34 3 1
71 35 3 35 3 1
71 36 3 36 3 1
71 37 5 37 3 1
71 38 2 38 3 1
71 39 3 39 3 1
71 40 4 40 3 1
71 41 4 41 3 1
71 42 1 42 3 1
71 43 5 43 3 1
71 44 2 44 3 1
71 45 4 45 3 1
71 46 3 46 3 1
71 47 3 47 3 1
71 48 3 48 3 1
71 49 4 49 3 1
71 50 2 50 3 1
71 51 2 51 3 1
71 52 1 52 3 1
71 53 3 53 3 1
71 54 4 54 3 1
71 55 3 55 3 1
71 56 2 56 3 1
71 57 5 57 3 1
71 58 5 58 3 1
71 59 1 59 3 1
71 60 3 60 3 1
71 61 5 61 3 1
71 62 4 62 3 1
71 63 2 63 3 1
71 64 4 64 3 1
71 65 3 65 3 1
71 66 4 66 3 1
71 67 2 67 3 1
71 68 1 68 3 1
72 1 3 1 3 1
72 2 2 2 3 1
72 3 3 3 3 1
72 4 2 4 3 1
72 5 3 5 3 1
72 6 3 6 3 1
72 7 5 7 3 1
72 8 3 8 3 1
72 9 4 9 3 1
72 10 2 10 3 1
72 11 1 11 3 1
72 12 2 12 3 1
72 13 5 13 3 1
72 14 1 14 3 1
72 15 1 15 3 1
72 16 5 16 3 0
72 17 2 17 3 1
72 18 2 18 3 1
72 19 5 19 3 1
72 20 2 20 3 1
72 21 4 21 3 1
72 22 3 22 3 1
72 23 5 23 3 1
72 24 5 24 3 1
72 25 1 25 3 1
72 26 2 26 3 1
72 27 2 27 3 1
72 28 2 28 3 1
72 29 1 29 3 1
72 30 5 30 3 1
72 31 4 31 3 1
72 32 3 32 3 1
72 33 3 33 3 1
72 34 2 34 3 1
72 35 3 35 3 1
72 36 1 36 3 1
72 37 2 37 3 1
72 38 3 38 3 1
72 39 4 39 3 1
72 40 2 40 3 1
72 41 2 41 3 1
72 42 4 42 3 1
72 43 4 43 3 1
72 44 4 44 3 1
72 45 4 45 3 1
72 46 4 46 3 1
72 47 1 47 3 1
72 48 2 48 3 1
72 49 1 49 3 1
72 50 1 50 3 1
72 51 1 51 3 1
72 52 5 52 3 1
72 53 1 53 3 1
72 54 5 54 3 1
72 55 3 55 3 1
72 56 3 56 3 1
72 57 5 57 3 1
72 58 4 58 3 1
72 59 1 59 3 1
72 60 4 60 3 0
72 61 5 61 3 1
72 62 3 62 3 1
72 63 4 63 3 1
72 64 1 64 3 1
72 65 4 65 3 0
72 66 1 66 3 1
72 67 5 67 3 1
72 68 4 68 3 1
1 1 1 1 3 1
1 1 2 2 3 1
1 2 1 3 3 1
1 2 2 4 3 1
1 3 1 5 3 1
1 3 2 6 3 1
1 4 1 7 3 1
1 4 2 8 3 1
1 5 1 9 3 1
1 5 2 10 3 1
1 6 1 11 3 1
1 6 2 12 3 1
1 6 3 13 2 0
1 7 1 14 2 0
1 7 2 15 2 0
1 7 3 16 2 0
1 8 1 17 2 0
1 8 2 18 2 0
1 9 1 19 2 0
1 9 2 20 2 0
1 10 1 21 2 0
1 11 1 22 2 0
1 12 1 23 2 0
1 12 2 24 2 0
1 13 1 25 3 1
1 14 1 26 3 1
1 15 1 27 3 1
1 16 1 28 3 1
1 17 1 29 3 0
1 17 2 30 3 0
1 18 1 31 3 0
1 18 2 32 3 0
1 19 1 33 3 0
1 19 2 34 3 0
1 20 1 35 3 0
1 20 2 36 3 0
1 22 1 37 3 0
1 24 1 38 3 0
1 26 1 39 3 0
1 26 2 40 3 0
1 28 1 41 3 0
1 28 2 42 3 0
2 1 1 1 2 0
2 1 2 2 2 0
2 2 1 3 2 0
2 2 2 4 2 0
2 2 3 5 2 0
2 3 1 6 2 0
2 3 2 7 2 0
2 4 1 8 2 0
2 4 2 9 2 0
2 5 1 10 2 0
2 5 2 11 2 0
2 6 1 12 2 0
2 7 1 13 2 0
2 7 2 14 2 0
2 8 1 15 2 0
2 8 2 16 2 0
2 9 1 17 2 0
2 10 1 18 2 0
2 10 2 19 2 0
2 11 1 20 2 0
2 11 2 21 2 0
2 12 1 22 2 0
2 13 1 23 2 0
2 13 2 24 2 0
2 14 1 25 3 1
2 14 2 26 3 1
2 15 1 27 3 1
2 15 2 28 3 1
2 16 1 29 3 1
2 17 1 30 3 0
2 18 1 31 3 0
2 19 1 32 3 0
2 20 1 33 3 0
2 22 1 34 3 0
2 24 1 35 3 0
2 24 2 36 3 0
2 24 3 37 4 1
2 26 1 38 3 0
2 26 2 39 3 0
2 28 1 40 3 1
3 1 1 1 2 0
3 1 2 2 2 0
3 2 1 3 2 0
3 2 2 4 2 0
3 3 1 5 2 0
3 3 2 6 2 0
3 4 1 7 2 0
3 4 2 8 2 0
3 5 1 9 2 0
3 6 1 10 2 0
3 6 2 11 2 0
3 7 1 12 2 0
3 7 2 13 2 0
3 8 1 14 2 0
3 9 1 15 2 0
3 9 2 16 2 0
3 10 1 17 2 0
3 10 2 18 2 0
3 11 1 19 2 0
3 11 2 20 2 0
3 12 1 21 2 0
3 12 2 22 2 0
3 13 1 23 2 0
3 13 2 24 2 0
3 14 1 25 2 0
3 15 1 26 2 0
3 15 2 27 2 0
3 16 1 28 2 0
3 17 1 29 3 1
3 18 1 30 3 1
3 19 1 31 3 1
3 19 2 32 3 1
3 20 1 33 3 1
3 20 2 34 3 1
3 22 1 35 3 1
3 24 1 36 3 1
3 24 2 37 2 0
3 26 1 38 3 0
3 26 2 39 2 0
3 26 3 40 2 0
3 28 1 41 2 0
4 1 1 1 2 1
4 1 2 2 2 1
4 2 1 3 2 1
4 2 2 4 2 1
4 3 1 5 2 1
4 3 2 6 2 1
4 4 1 7 2 1
4 4 2 8 2 1
4 5 1 9 2 1
4 5 2 10 2 1
4 6 1 11 2 1
4 7 1 12 2 1
4 7 2 13 2 0
4 8 1 14 2 0
4 8 2 15 2 0
4 9 1 16 2 0
4 9 2 17 2 0
4 10 1 18 2 0
4 10 2 19 2 0
4 11 1 20 2 0
4 12 1 21 2 0
4 12 2 22 2 0
4 13 1 23 2 0
4 14 1 24 2 0
4 14 2 25 2 1
4 15 1 26 2 1
4 16 1 27 2 0
4 16 2 28 2 1
4 17 1 29 3 1
4 18 1 30 3 1
4 19 1 31 3 1
4 20 1 32 2 0
4 22 1 33 2 0
4 22 2 34 2 0
4 24 1 35 3 1
4 24 2 36 2 0
4 24 3 37 3 1
4 26 1 38 3 1
4 26 2 39 3 1
4 28 1 40 3 1
5 1 1 1 2 1
5 1 2 2 2 1
5 1 3 3 2 1
5 2 1 4 2 1
5 2 2 5 2 1
5 3 1 6 2 1
5 3 2 7 2 1
5 4 1 8 2 1
5 4 2 9 2 1
5 5 1 10 2 1
5 6 1 11 2 1
5 6 2 12 2 1
5 7 1 13 2 1
5 7 2 14 2 1
5 8 1 15 2 1
5 8 2 16 2 1
5 8 3 17 2 1
5 9 1 18 2 1
5 9 2 19 2 1
5 10 1 20 2 1
5 11 1 21 2 1
5 11 2 22 2 1
5 12 1 23 2 1
5 13 1 24 2 1
5 13 2 25 2 1
5 14 1 26 2 1
5 14 2 27 2 1
5 15 1 28 2 1
5 16 1 29 2 1
5 17 1 30 2 0
5 18 1 31 2 0
5 19 1 32 2 0
5 19 2 33 2 0
5 20 1 34 2 0
5 20 2 35 2 0
5 22 1 36 2 0
5 24 1 37 2 0
5 26 1 38 2 0
5 26 2 39 2 0
5 28 1 40 2 0
5 28 2 41 2 0
6 1 1 1 2 1
6 1 2 2 2 1
6 2 1 3 2 1
6 2 2 4 2 1
6 3 1 5 2 1
6 3 2 6 2 1
6 4 1 7 2 1
6 4 2 8 2 1
6 4 3 9 2 1
6 5 1 10 2 1
6 5 2 11 2 1
6 5 3 12 2 1
6 6 1 13 2 1
6 6 2 14 2 1
6 7 1 15 2 1
6 7 2 16 2 1
6 8 1 17 2 1
6 9 1 18 2 1
6 10 1 19 2 1
6 10 2 20 2 1
6 11 1 21 2 1
6 12 1 22 2 1
6 12 2 23 2 1
6 13 1 24 2 1
6 14 1 25 2 1
6 15 1 26 2 1
6 15 2 27 2 1
6 16 1 28 2 1
6 16 2 29 2 1
6 17 1 30 2 0
6 17 2 31 2 0
6 18 1 32 2 0
6 18 2 33 2 0
6 19 1 34 2 0
6 20 1 35 2 0
6 22 1 36 2 0
6 24 1 37 2 0
6 26 1 38 2 0
6 26 2 39 2 0
6 28 1 40 2 0
6 28 2 41 2 0
7 1 1 1 1 0
7 1 2 2 1 0
7 2 1 3 1 0
7 2 2 4 1 0
7 3 1 5 1 0
7 3 2 6 1 0
7 4 1 7 1 0
7 4 2 8 1 0
7 5 1 9 1 0
7 5 2 10 1 0
7 6 1 11 1 0
7 6 2 12 1 0
7 7 1 13 1 0
7 8 1 14 1 0
7 8 2 15 1 0
7 9 1 16 1 0
7 9 2 17 1 0
7 10 1 18 1 0
7 11 1 19 1 0
7 11 2 20 1 0
7 12 1 21 1 0
7 12 2 22 1 0
7 13 1 23 1 0
7 13 2 24 1 0
7 14 1 25 1 0
7 15 1 26 1 0
7 15 2 27 1 0
7 16 1 28 1 0
7 17 1 29 2 1
7 18 1 30 2 1
7 19 1 31 2 1
7 20 1 32 2 1
7 22 1 33 2 1
7 22 2 34 2 1
7 22 3 35 2 1
7 24 1 36 2 1
7 26 1 37 2 1
7 28 1 38 2 1
7 28 2 39 2 1
7 28 3 40 2 1
8 1 1 1 2 1
8 1 2 2 2 1
8 2 1 3 1 0
8 2 2 4 2 1
8 3 1 5 1 0
8 3 2 6 1 0
8 4 1 7 2 1
8 4 2 8 1 0
8 5 1 9 2 1
8 5 2 10 2 1
8 6 1 11 2 1
8 7 1 12 2 1
8 7 2 13 2 1
8 8 1 14 1 0
8 9 1 15 1 0
8 9 2 16 1 0
8 10 1 17 1 0
8 10 2 18 1 0
8 11 1 19 1 0
8 11 2 20 1 0
8 12 1 21 1 0
8 12 2 22 1 0
8 13 1 23 1 0
8 13 2 24 1 0
8 14 1 25 1 0
8 15 1 26 1 0
8 16 1 27 1 0
8 16 2 28 1 0
8 17 1 29 2 1
8 17 2 30 2 1
8 18 1 31 2 1
8 18 2 32 2 1
8 19 1 33 2 1
8 20 1 34 2 1
8 22 1 35 2 1
8 22 2 36 2 1
8 24 1 37 2 1
8 24 2 38 2 1
8 26 1 39 2 1
8 28 1 40 2 1
8 28 2 41 2 1
9 1 1 1 2 0
9 1 2 2 2 0
9 2 1 3 2 0
9 2 2 4 2 0
9 3 1 5 2 0
9 3 2 6 2 0
9 3 3 7 2 0
9 4 1 8 2 0
9 4 2 9 2 0
9 5 1 10 2 0
9 5 2 11 2 0
9 6 1 12 2 0
9 6 2 13 2 0
9 7 1 14 2 0
9 8 1 15 2 0
9 8 2 16 2 0
9 9 1 17 2 1
9 10 1 18 2 1
9 10 2 19 2 1
9 11 1 20 2 1
9 11 2 21 2 1
9 12 1 22 2 1
9 13 1 23 2 1
9 14 1 24 2 0
9 14 2 25 2 1
9 15 1 26 2 1
9 15 2 27 2 1
9 16 1 28 2 1
9 16 2 29 2 1
9 17 1 30 2 0
9 18 1 31 3 1
9 19 1 32 3 1
9 20 1 33 3 1
9 22 1 34 3 1
9 22 2 35 2 0
9 22 3 36 3 1
9 24 1 37 2 1
9 26 1 38 2 1
9 28 1 39 2 1
9 28 2 40 2 1
10 1 1 1 2 0
10 1 2 2 2 0
10 2 1 3 2 0
10 2 2 4 2 0
10 3 1 5 2 0
10 3 2 6 2 0
10 4 1 7 2 0
10 4 2 8 2 0
10 5 1 9 2 0
10 5 2 10 2 0
10 6 1 11 2 0
10 6 2 12 2 0
10 6 3 13 2 0
10 7 1 14 2 0
10 7 2 15 2 0
10 7 3 16 2 0
10 8 1 17 2 0
10 8 2 18 2 0
10 9 1 19 2 0
10 9 2 20 2 0
10 10 1 21 2 0
10 11 1 22 2 0
10 12 1 23 2 0
10 12 2 24 2 0
10 13 1 25 2 1
10 14 1 26 2 1
10 15 1 27 2 1
10 16 1 28 2 1
10 17 1 29 2 0
10 17 2 30 2 0
10 18 1 31 2 0
10 18 2 32 2 0
10 19 1 33 2 0
10 19 2 34 2 0
10 20 1 35 2 0
10 20 2 36 2 0
10 22 1 37 2 0
10 24 1 38 2 0
10 26 1 39 2 0
10 26 2 40 2 0
10 28 1 41 2 0
10 28 2 42 2 0
11 1 1 1 3 1
11 1 2 2 3 1
11 2 1 3 3 1
11 2 2 4 3 1
11 2 3 5 3 1
11 3 1 6 3 1
11 3 2 7 3 1
11 4 1 8 3 1
11 4 2 9 3 1
11 5 1 10 3 1
11 5 2 11 3 1
11 6 1 12 3 1
11 7 1 13 3 1
11 7 2 14 3 1
11 8 1 15 3 1
11 8 2 16 3 1
11 9 1 17 3 1
11 10 1 18 3 1
11 10 2 19 3 1
11 11 1 20 3 1
11 11 2 21 3 1
11 12 1 22 3 1
11 13 1 23 3 1
11 13 2 24 3 1
11 14 1 25 2 0
11 14 2 26 2 0
11 15 1 27 2 0
11 15 2 28 2 0
11 16 1 29 2 0
11 17 1 30 3 1
11 18 1 31 3 1
11 19 1 32 3 1
11 20 1 33 3 1
11 22 1 34 3 1
11 24 1 35 3 1
11 24 2 36 3 1
11 24 3 37 3 1
11 26 1 38 3 1
11 26 2 39 3 1
11 28 1 40 3 1
12 1 1 1 3 1
12 1 2 2 3 1
12 2 1 3 3 1
12 2 2 4 3 1
12 3 1 5 3 1
12 3 2 6 3 1
12 4 1 7 3 1
12 4 2 8 3 1
12 5 1 9 3 1
12 6 1 10 3 1
12 6 2 11 3 1
12 7 1 12 3 1
12 7 2 13 2 0
12 8 1 14 2 0
12 9 1 15 3 1
12 9 2 16 2 0
12 10 1 17 3 1
12 10 2 18 2 0
12 11 1 19 2 0
12 11 2 20 2 0
12 12 1 21 2 0
12 12 2 22 2 0
12 13 1 23 2 0
12 13 2 24 2 0
12 14 1 25 3 1
12 15 1 26 3 1
12 15 2 27 3 1
12 16 1 28 3 1
12 17 1 29 3 0
12 18 1 30 3 0
12 19 1 31 3 0
12 19 2 32 3 0
12 20 1 33 3 0
12 20 2 34 3 0
12 22 1 35 3 0
12 24 1 36 3 0
12 24 2 37 3 1
12 26 1 38 3 1
12 26 2 39 3 1
12 26 3 40 3 1
12 28 1 41 3 1
13 1 1 1 3 0
13 1 2 2 3 0
13 2 1 3 3 0
13 2 2 4 3 0
13 3 1 5 3 0
13 3 2 6 3 0
13 4 1 7 3 0
13 4 2 8 3 0
13 5 1 9 3 0
13 5 2 10 3 0
13 6 1 11 3 0
13 7 1 12 3 0
13 7 2 13 3 1
13 8 1 14 3 1
13 8 2 15 3 1
13 9 1 16 3 1
13 9 2 17 3 1
13 10 1 18 3 1
13 10 2 19 3 1
13 11 1 20 3 1
13 12 1 21 2 0
13 12 2 22 2 0
13 13 1 23 3 1
13 14 1 24 3 1
13 14 2 25 4 1
13 15 1 26 2 0
13 16 1 27 2 0
13 16 2 28 2 0
13 17 1 29 3 1
13 18 1 30 3 1
13 19 1 31 3 1
13 20 1 32 3 1
13 22 1 33 3 1
13 22 2 34 3 1
13 24 1 35 3 1
13 24 2 36 3 1
13 24 3 37 3 0
13 26 1 38 3 0
13 26 2 39 3 0
13 28 1 40 3 1
14 1 1 1 3 0
14 1 2 2 3 1
14 1 3 3 3 0
14 2 1 4 3 0
14 2 2 5 3 1
14 3 1 6 3 1
14 3 2 7 3 0
14 4 1 8 3 1
14 4 2 9 3 0
14 5 1 10 3 1
14 6 1 11 3 1
14 6 2 12 3 0
14 7 1 13 3 1
14 7 2 14 3 1
14 8 1 15 3 1
14 8 2 16 3 1
14 8 3 17 3 1
14 9 1 18 3 1
14 9 2 19 3 1
14 10 1 20 3 1
14 11 1 21 3 1
14 11 2 22 3 1
14 12 1 23 3 1
14 13 1 24 3 1
14 13 2 25 3 1
14 14 1 26 3 1
14 14 2 27 3 1
14 15 1 28 3 1
14 16 1 29 3 1
14 17 1 30 3 0
14 18 1 31 3 0
14 19 1 32 3 0
14 19 2 33 3 0
14 20 1 34 3 0
14 20 2 35 3 0
14 22 1 36 3 0
14 24 1 37 3 0
14 26 1 38 3 0
14 26 2 39 3 0
14 28 1 40 3 0
14 28 2 41 3 0
15 1 1 1 3 0
15 1 2 2 3 1
15 2 1 3 3 0
15 2 2 4 3 1
15 3 1 5 3 0
15 3 2 6 3 1
15 4 1 7 3 0
15 4 2 8 3 1
15 4 3 9 3 0
15 5 1 10 3 1
15 5 2 11 3 0
15 5 3 12 3 0
15 6 1 13 3 1
15 6 2 14 3 1
15 7 1 15 3 1
15 7 2 16 3 1
15 8 1 17 3 1
15 9 1 18 3 1
15 10 1 19 3 1
15 10 2 20 3 1
15 11 1 21 3 1
15 12 1 22 3 1
15 12 2 23 3 1
15 13 1 24 3 0
15 14 1 25 3 0
15 15 1 26 3 0
15 15 2 27 3 1
15 16 1 28 3 1
15 16 2 29 3 1
15 17 1 30 3 0
15 17 2 31 4 1
15 18 1 32 3 0
15 18 2 33 4 1
15 19 1 34 3 0
15 20 1 35 3 0
15 22 1 36 3 0
15 24 1 37 3 0
15 26 1 38 3 0
15 26 2 39 3 0
15 28 1 40 3 0
15 28 2 41 3 0
16 1 1 1 3 0
16 1 2 2 3 0
16 2 1 3 3 0
16 2 2 4 3 0
16 3 1 5 3 0
16 3 2 6 3 0
16 4 1 7 3 0
16 4 2 8 3 0
16 5 1 9 3 0
16 5 2 10 3 0
16 6 1 11 3 0
16 6 2 12 3 0
16 7 1 13 3 0
16 8 1 14 3 0
16 8 2 15 3 0
16 9 1 16 3 0
16 9 2 17 3 0
16 10 1 18 3 0
16 11 1 19 3 0
16 11 2 20 3 0
16 12 1 21 3 0
16 12 2 22 3 0
16 13 1 23 3 0
16 13 2 24 3 0
16 14 1 25 3 0
16 15 1 26 3 0
16 15 2 27 3 0
16 16 1 28 3 0
16 17 1 29 4 1
16 18 1 30 4 1
16 19 1 31 4 1
16 20 1 32 4 1
16 22 1 33 4 1
16 22 2 34 4 1
16 22 3 35 4 1
16 24 1 36 4 1
16 26 1 37 4 1
16 28 1 38 4 1
16 28 2 39 4 1
16 28 3 40 4 1
17 1 1 1 3 0
17 1 2 2 3 0
17 2 1 3 3 0
17 2 2 4 3 0
17 3 1 5 3 0
17 3 2 6 3 0
17 4 1 7 3 0
17 4 2 8 3 0
17 5 1 9 3 0
17 5 2 10 3 0
17 6 1 11 3 0
17 7 1 12 3 0
17 7 2 13 3 0
17 8 1 14 3 0
17 9 1 15 3 0
17 9 2 16 3 0
17 10 1 17 3 0
17 10 2 18 3 0
17 11 1 19 3 0
17 11 2 20 3 0
17 12 1 21 3 0
17 12 2 22 3 0
17 13 1 23 3 0
17 13 2 24 3 0
17 14 1 25 3 0
17 15 1 26 3 0
17 16 1 27 3 0
17 16 2 28 3 0
17 17 1 29 4 1
17 17 2 30 4 1
17 18 1 31 4 1
17 18 2 32 4 1
17 19 1 33 4 1
17 20 1 34 4 1
17 22 1 35 4 1
17 22 2 36 4 1
17 24 1 37 4 1
17 24 2 38 4 1
17 26 1 39 3 0
17 28 1 40 4 1
17 28 2 41 4 1
18 1 1 1 3 0
18 1 2 2 3 1
18 2 1 3 3 1
18 2 2 4 3 1
18 3 1 5 3 1
18 3 2 6 3 1
18 3 3 7 3 1
18 4 1 8 3 1
18 4 2 9 3 1
18 5 1 10 3 1
18 5 2 11 3 1
18 6 1 12 3 1
18 6 2 13 3 1
18 7 1 14 3 1
18 8 1 15 3 1
18 8 2 16 3 1
18 9 1 17 3 1
18 10 1 18 3 1
18 10 2 19 3 1
18 11 1 20 3 1
18 11 2 21 3 1
18 12 1 22 3 1
18 13 1 23 3 1
18 14 1 24 3 1
18 14 2 25 3 1
18 15 1 26 3 1
18 15 2 27 3 1
18 16 1 28 3 1
18 16 2 29 3 1
18 17 1 30 3 0
18 18 1 31 3 0
18 19 1 32 3 0
18 20 1 33 3 0
18 22 1 34 3 0
18 22 2 35 3 0
18 22 3 36 3 0
18 24 1 37 4 1
18 26 1 38 4 1
18 28 1 39 4 1
18 28 2 40 4 1
19 1 1 1 3 1
19 1 2 2 3 1
19 1 3 3 3 1
19 2 1 4 3 1
19 2 2 5 3 1
19 2 3 6 3 1
19 3 1 7 3 1
19 3 2 8 3 1
19 3 3 9 3 1
19 4 1 10 3 1
19 4 2 11 3 1
19 4 3 12 3 1
19 5 1 13 3 1
19 5 2 14 3 1
19 5 3 15 3 1
19 6 1 16 3 1
19 6 2 17 3 1
19 6 3 18 3 1
19 7 1 19 3 1
19 7 2 20 3 1
19 7 3 21 3 1
19 8 1 22 3 1
19 8 2 23 3 1
19 8 3 24 3 1
19 9 1 25 3 0
19 9 2 26 3 0
19 9 3 27 3 0
19 9 4 28 3 0
19 10 1 29 3 0
19 10 2 30 3 0
19 10 3 31 3 0
19 11 1 32 3 0
19 11 2 33 3 0
19 11 3 34 3 0
19 12 1 35 3 0
19 12 2 36 3 0
19 12 3 37 3 0
19 12 4 38 3 0
19 13 1 39 3 0
19 13 2 40 3 0
19 14 1 41 3 0
19 14 2 42 3 0
19 15 1 43 3 0
19 15 2 44 3 0
19 16 1 45 3 0
19 16 2 46 3 0
20 1 1 1 2 0
20 1 2 2 2 0
20 2 1 3 2 0
20 3 1 4 2 0
20 4 1 5 2 0
20 4 2 6 2 0
20 4 3 7 2 0
20 5 1 8 2 0
20 5 2 9 2 0
20 6 1 10 2 0
20 6 2 11 2 0
20 6 3 12 2 0
20 7 1 13 3 1
20 7 2 14 3 1
20 7 3 15 3 1
20 8 1 16 2 0
20 8 2 17 2 0
20 8 3 18 3 1
20 9 1 19 3 0
20 9 2 20 3 1
20 9 3 21 3 0
20 10 1 22 3 0
20 10 2 23 3 0
20 10 3 24 3 0
20 11 1 25 3 0
20 11 2 26 3 0
20 12 1 27 3 0
20 12 2 28 3 1
20 12 3 29 3 0
20 13 1 30 3 0
20 13 2 31 3 0
20 14 1 32 3 0
20 14 2 33 3 0
20 15 1 34 3 0
20 15 2 35 3 0
20 15 3 36 3 0
20 16 1 37 3 0
20 16 2 38 3 0
20 16 3 39 3 0
21 1 1 1 2 0
21 2 1 2 2 0
21 2 2 3 2 0
21 3 1 4 2 0
21 4 1 5 2 0
21 5 1 6 2 0
21 5 2 7 2 0
21 5 3 8 2 0
21 6 1 9 2 0
21 6 2 10 2 0
21 6 3 11 2 0
21 6 4 12 2 0
21 7 1 13 2 0
21 7 2 14 2 0
21 7 3 15 2 0
21 7 4 16 2 0
21 8 1 17 2 0
21 8 2 18 2 1
21 8 3 19 2 0
21 8 4 20 2 1
21 8 5 21 2 0
21 9 1 22 2 0
21 9 2 23 3 1
21 9 3 24 3 1
21 10 1 25 3 1
21 10 2 26 3 1
21 11 1 27 3 1
21 11 2 28 3 1
21 11 3 29 3 1
21 12 1 30 3 1
21 12 2 31 3 1
21 12 3 32 3 1
21 13 1 33 3 1
21 13 2 34 3 1
21 14 1 35 3 1
21 14 2 36 3 1
21 15 1 37 3 1
21 15 2 38 3 1
21 15 3 39 3 1
21 16 1 40 2 0
21 16 2 41 3 1
22 1 1 1 2 0
22 1 2 2 2 0
22 2 1 3 2 0
22 3 1 4 2 0
22 3 2 5 2 0
22 3 3 6 2 0
22 4 1 7 2 0
22 5 1 8 2 0
22 5 2 9 2 0
22 5 3 10 2 0
22 5 4 11 2 0
22 6 1 12 2 0
22 6 2 13 2 0
22 6 3 14 2 0
22 7 1 15 2 1
22 7 2 16 2 1
22 7 3 17 2 1
22 8 1 18 2 0
22 8 2 19 2 0
22 8 3 20 2 0
22 9 1 21 2 0
22 9 2 22 2 0
22 10 1 23 2 0
22 10 2 24 2 0
22 10 3 25 3 1
22 11 1 26 3 1
22 11 2 27 3 1
22 11 3 28 2 0
22 12 1 29 3 1
22 12 2 30 3 1
22 13 1 31 3 1
22 13 2 32 3 1
22 14 1 33 3 1
22 14 2 34 3 1
22 15 1 35 3 1
22 15 2 36 3 1
22 15 3 37 3 1
22 16 1 38 3 1
22 16 2 39 3 1
22 16 3 40 3 1
23 1 1 1 2 1
23 2 1 2 2 1
23 2 2 3 2 1
23 3 1 4 2 1
23 3 2 5 2 1
23 3 3 6 2 1
23 4 1 7 2 1
23 4 2 8 2 1
23 4 3 9 2 1
23 5 1 10 2 1
23 5 2 11 2 1
23 5 3 12 2 1
23 6 1 13 2 1
23 6 2 14 2 1
23 7 1 15 2 1
23 7 2 16 2 1
23 7 3 17 2 1
23 8 1 18 2 1
23 8 2 19 2 1
23 8 3 20 2 1
23 9 1 21 2 0
23 9 2 22 2 0
23 9 3 23 2 0
23 10 1 24 2 0
23 10 2 25 2 0
23 10 3 26 2 0
23 11 1 27 2 0
23 11 2 28 2 0
23 11 3 29 2 0
23 11 4 30 2 0
23 12 1 31 2 0
23 12 2 32 2 0
23 12 3 33 2 0
23 13 1 34 2 0
23 13 2 35 2 0
23 14 1 36 2 0
23 14 2 37 2 0
23 15 1 38 2 0
23 15 2 39 2 0
23 16 1 40 2 0
23 16 2 41 2 0
24 1 1 1 2 1
24 1 2 2 2 1
24 1 3 3 2 1
24 2 1 4 2 1
24 2 2 5 2 1
24 2 3 6 2 1
24 3 1 7 2 1
24 3 2 8 2 1
24 4 1 9 2 1
24 5 1 10 2 1
24 5 2 11 2 1
24 5 3 12 2 1
24 6 1 13 2 1
24 6 2 14 2 1
24 6 3 15 2 1
24 7 1 16 2 1
24 7 2 17 2 1
24 8 1 18 2 1
24 8 2 19 2 1
24 8 3 20 2 1
24 9 1 21 2 0
24 9 2 22 2 0
24 9 3 23 2 0
24 10 1 24 2 0
24 10 2 25 2 0
24 10 3 26 2 0
24 10 4 27 2 0
24 11 1 28 2 0
24 11 2 29 2 0
24 11 3 30 2 0
24 12 1 31 2 0
24 12 2 32 2 0
24 12 3 33 2 0
24 13 1 34 2 0
24 13 2 35 2 0
24 14 1 36 2 0
24 14 2 37 2 0
24 15 1 38 2 0
24 15 2 39 2 0
24 16 1 40 2 0
24 16 2 41 2 0
25 1 1 1 1 0
25 2 1 2 1 0
25 2 2 3 1 0
25 2 3 4 1 0
25 3 1 5 1 0
25 4 1 6 1 0
25 4 2 7 1 0
25 5 1 8 1 0
25 5 2 9 1 0
25 5 3 10 1 0
25 6 1 11 1 0
25 6 2 12 1 0
25 6 3 13 1 0
25 7 1 14 1 0
25 7 2 15 1 0
25 7 3 16 1 0
25 8 1 17 1 0
25 8 2 18 1 0
25 8 3 19 1 0
25 8 4 20 1 0
25 9 1 21 2 1
25 9 2 22 2 1
25 10 1 23 2 1
25 10 2 24 2 1
25 10 3 25 2 1
25 11 1 26 2 1
25 11 2 27 2 1
25 11 3 28 2 1
25 12 1 29 2 1
25 12 2 30 2 1
25 13 1 31 2 1
25 13 2 32 2 1
25 13 3 33 2 1
25 14 1 34 2 1
25 14 2 35 2 1
25 14 3 36 2 1
25 15 1 37 2 0
25 15 2 38 2 0
25 16 1 39 2 0
25 16 2 40 2 0
26 1 1 1 1 0
26 2 1 2 1 0
26 3 1 3 1 0
26 3 2 4 2 1
26 4 1 5 1 0
26 5 1 6 2 1
26 5 2 7 1 0
26 5 3 8 1 0
26 5 4 9 1 0
26 6 1 10 1 0
26 6 2 11 2 1
26 6 3 12 2 1
26 6 4 13 1 0
26 6 5 14 1 0
26 7 1 15 1 0
26 7 2 16 1 0
26 7 3 17 1 0
26 7 4 18 1 0
26 8 1 19 1 0
26 8 2 20 1 0
26 8 3 21 1 0
26 9 1 22 2 1
26 9 2 23 2 1
26 9 3 24 2 1
26 10 1 25 2 1
26 10 2 26 2 1
26 10 3 27 2 1
26 11 1 28 2 1
26 11 2 29 2 1
26 12 1 30 2 1
26 12 2 31 2 1
26 12 3 32 2 1
26 13 1 33 2 1
26 13 2 34 2 1
26 13 3 35 2 1
26 14 1 36 2 1
26 14 2 37 2 1
26 15 1 38 2 1
26 15 2 39 2 1
26 16 1 40 2 1
26 16 2 41 2 1
27 1 1 1 2 1
27 1 2 2 2 0
27 1 3 3 2 0
27 2 1 4 2 1
27 3 1 5 2 1
27 4 1 6 2 1
27 4 2 7 2 1
27 5 1 8 2 1
27 5 2 9 2 1
27 5 3 10 2 0
27 6 1 11 2 0
27 6 2 12 2 0
27 6 3 13 2 1
27 7 1 14 2 1
27 7 2 15 2 0
27 7 3 16 2 0
27 8 1 17 2 0
27 8 2 18 2 0
27 9 1 19 2 0
27 9 2 20 3 1
27 9 3 21 3 1
27 10 1 22 2 0
27 10 2 23 2 0
27 11 1 24 2 0
27 11 2 25 2 1
27 11 3 26 2 1
27 12 1 27 2 1
27 12 2 28 2 1
27 12 3 29 2 1
27 13 1 30 2 1
27 13 2 31 2 1
27 13 3 32 2 1
27 14 1 33 2 1
27 14 2 34 2 1
27 14 3 35 2 1
27 15 1 36 2 1
27 15 2 37 2 1
27 16 1 38 2 1
27 16 2 39 2 1
28 1 1 1 2 0
28 1 2 2 2 0
28 1 3 3 2 0
28 2 1 4 2 0
28 2 2 5 2 0
28 2 3 6 2 0
28 3 1 7 2 0
28 3 2 8 2 0
28 3 3 9 2 0
28 4 1 10 2 0
28 4 2 11 2 0
28 4 3 12 2 0
28 5 1 13 2 0
28 5 2 14 2 0
28 5 3 15 2 0
28 6 1 16 2 0
28 6 2 17 2 0
28 6 3 18 2 0
28 7 1 19 2 0
28 7 2 20 2 0
28 7 3 21 2 0
28 8 1 22 2 0
28 8 2 23 2 0
28 8 3 24 2 0
28 9 1 25 2 0
28 9 2 26 2 0
28 9 3 27 2 0
28 9 4 28 2 0
28 10 1 29 2 0
28 10 2 30 2 0
28 10 3 31 2 0
28 11 1 32 2 0
28 11 2 33 2 0
28 11 3 34 2 0
28 12 1 35 2 0
28 12 2 36 2 0
28 12 3 37 2 0
28 12 4 38 3 1
28 13 1 39 2 0
28 13 2 40 2 0
28 14 1 41 3 1
28 14 2 42 2 0
28 15 1 43 2 0
28 15 2 44 2 0
28 16 1 45 2 0
28 16 2 46 2 0
29 1 1 1 3 1
29 1 2 2 3 1
29 2 1 3 3 1
29 3 1 4 3 1
29 4 1 5 3 1
29 4 2 6 3 1
29 4 3 7 3 1
29 5 1 8 3 1
29 5 2 9 3 1
29 6 1 10 3 1
29 6 2 11 3 1
29 6 3 12 3 1
29 7 1 13 2 0
29 7 2 14 2 0
29 7 3 15 2 0
29 8 1 16 2 0
29 8 2 17 2 0
29 8 3 18 2 0
29 9 1 19 3 1
29 9 2 20 3 1
29 9 3 21 3 1
29 10 1 22 3 1
29 10 2 23 3 1
29 10 3 24 3 1
29 11 1 25 3 1
29 11 2 26 3 1
29 12 1 27 3 1
29 12 2 28 2 0
29 12 3 29 3 1
29 13 1 30 3 1
29 13 2 31 3 1
29 14 1 32 3 1
29 14 2 33 3 1
29 15 1 34 3 1
29 15 2 35 3 1
29 15 3 36 3 1
29 16 1 37 3 1
29 16 2 38 3 1
29 16 3 39 3 1
30 1 1 1 3 1
30 2 1 2 2 0
30 2 2 3 3 1
30 3 1 4 3 1
30 4 1 5 3 1
30 5 1 6 3 1
30 5 2 7 3 1
30 5 3 8 3 1
30 6 1 9 3 1
30 6 2 10 3 1
30 6 3 11 3 1
30 6 4 12 3 1
30 7 1 13 2 0
30 7 2 14 3 1
30 7 3 15 3 1
30 7 4 16 2 0
30 8 1 17 3 1
30 8 2 18 2 0
30 8 3 19 2 0
30 8 4 20 2 0
30 8 5 21 3 1
30 9 1 22 3 1
30 9 2 23 3 1
30 9 3 24 3 1
30 10 1 25 3 0
30 10 2 26 3 0
30 11 1 27 3 0
30 11 2 28 3 1
30 11 3 29 3 0
30 12 1 30 3 0
30 12 2 31 3 0
30 12 3 32 3 0
30 13 1 33 3 0
30 13 2 34 3 0
30 14 1 35 3 0
30 14 2 36 3 0
30 15 1 37 3 1
30 15 2 38 3 1
30 15 3 39 3 1
30 16 1 40 3 1
30 16 2 41 3 0
31 1 1 1 3 1
31 1 2 2 2 0
31 2 1 3 2 0
31 3 1 4 2 0
31 3 2 5 2 0
31 3 3 6 2 0
31 4 1 7 2 0
31 5 1 8 2 0
31 5 2 9 3 1
31 5 3 10 2 0
31 5 4 11 2 0
31 6 1 12 2 0
31 6 2 13 3 1
31 6 3 14 3 1
31 7 1 15 2 0
31 7 2 16 2 0
31 7 3 17 2 0
31 8 1 18 2 0
31 8 2 19 2 0
31 8 3 20 2 0
31 9 1 21 3 1
31 9 2 22 3 1
31 10 1 23 3 1
31 10 2 24 3 1
31 10 3 25 3 0
31 11 1 26 3 0
31 11 2 27 3 0
31 11 3 28 3 1
31 12 1 29 3 0
31 12 2 30 3 1
31 13 1 31 3 0
31 13 2 32 3 0
31 14 1 33 3 0
31 14 2 34 3 0
31 15 1 35 3 0
31 15 2 36 3 0
31 15 3 37 3 1
31 16 1 38 3 0
31 16 2 39 3 0
31 16 3 40 3 1
32 1 1 1 3 1
32 2 1 2 3 1
32 2 2 3 3 1
32 3 1 4 3 1
32 3 2 5 3 1
32 3 3 6 3 1
32 4 1 7 3 1
32 4 2 8 3 1
32 4 3 9 3 1
32 5 1 10 3 1
32 5 2 11 3 0
32 5 3 12 3 1
32 6 1 13 3 1
32 6 2 14 3 1
32 7 1 15 3 1
32 7 2 16 3 1
32 7 3 17 3 1
32 8 1 18 3 1
32 8 2 19 3 1
32 8 3 20 3 1
32 9 1 21 3 0
32 9 2 22 3 0
32 9 3 23 3 0
32 10 1 24 3 0
32 10 2 25 3 0
32 10 3 26 3 0
32 11 1 27 3 0
32 11 2 28 3 0
32 11 3 29 3 0
32 11 4 30 3 0
32 12 1 31 3 0
32 12 2 32 3 0
32 12 3 33 3 0
32 13 1 34 3 0
32 13 2 35 3 0
32 14 1 36 3 0
32 14 2 37 3 0
32 15 1 38 3 0
32 15 2 39 3 0
32 16 1 40 3 0
32 16 2 41 3 0
33 1 1 1 3 1
33 1 2 2 3 1
33 1 3 3 3 1
33 2 1 4 3 1
33 2 2 5 3 1
33 2 3 6 3 1
33 3 1 7 3 1
33 3 2 8 3 1
33 4 1 9 3 1
33 5 1 10 3 1
33 5 2 11 3 1
33 5 3 12 3 1
33 6 1 13 3 1
33 6 2 14 3 1
33 6 3 15 3 1
33 7 1 16 3 1
33 7 2 17 3 1
33 8 1 18 3 1
33 8 2 19 3 1
33 8 3 20 3 1
33 9 1 21 3 0
33 9 2 22 3 0
33 9 3 23 3 0
33 10 1 24 3 0
33 10 2 25 3 0
33 10 3 26 3 0
33 10 4 27 3 0
33 11 1 28 3 0
33 11 2 29 3 0
33 11 3 30 3 0
33 12 1 31 3 0
33 12 2 32 3 0
33 12 3 33 3 0
33 13 1 34 3 0
33 13 2 35 3 0
33 14 1 36 3 0
33 14 2 37 3 0
33 15 1 38 3 0
33 15 2 39 3 0
33 16 1 40 3 0
33 16 2 41 3 0
34 1 1 1 3 0
34 2 1 2 3 1
34 2 2 3 3 0
34 2 3 4 3 0
34 3 1 5 3 1
34 4 1 6 3 0
34 4 2 7 3 1
34 5 1 8 3 0
34 5 2 9 3 0
34 5 3 10 3 0
34 6 1 11 3 0
34 6 2 12 3 1
34 6 3 13 3 1
34 7 1 14 3 0
34 7 2 15 3 0
34 7 3 16 3 1
34 8 1 17 3 1
34 8 2 18 3 0
34 8 3 19 3 1
34 8 4 20 3 1
34 9 1 21 3 0
34 9 2 22 3 0
34 10 1 23 4 1
34 10 2 24 4 1
34 10 3 25 4 1
34 11 1 26 4 1
34 11 2 27 4 1
34 11 3 28 4 1
34 12 1 29 4 1
34 12 2 30 4 1
34 13 1 31 4 1
34 13 2 32 4 1
34 13 3 33 4 1
34 14 1 34 4 1
34 14 2 35 4 1
34 14 3 36 4 1
34 15 1 37 4 1
34 15 2 38 3 0
34 16 1 39 3 0
34 16 2 40 3 0
35 1 1 1 3 0
35 2 1 2 3 0
35 3 1 3 3 0
35 3 2 4 3 0
35 4 1 5 3 0
35 5 1 6 3 0
35 5 2 7 3 0
35 5 3 8 3 0
35 5 4 9 3 0
35 6 1 10 3 0
35 6 2 11 3 0
35 6 3 12 3 0
35 6 4 13 3 0
35 6 5 14 3 0
35 7 1 15 3 0
35 7 2 16 3 0
35 7 3 17 3 0
35 7 4 18 3 0
35 8 1 19 3 0
35 8 2 20 3 0
35 8 3 21 3 0
35 9 1 22 4 1
35 9 2 23 4 1
35 9 3 24 4 1
35 10 1 25 4 1
35 10 2 26 4 1
35 10 3 27 4 1
35 11 1 28 4 1
35 11 2 29 4 1
35 12 1 30 4 1
35 12 2 31 4 1
35 12 3 32 4 1
35 13 1 33 4 1
35 13 2 34 4 1
35 13 3 35 4 1
35 14 1 36 4 1
35 14 2 37 4 1
35 15 1 38 4 1
35 15 2 39 4 1
35 16 1 40 4 1
35 16 2 41 4 1
36 1 1 1 3 1
36 1 2 2 3 1
36 1 3 3 3 1
36 2 1 4 3 1
36 3 1 5 3 1
36 4 1 6 3 1
36 4 2 7 3 1
36 5 1 8 3 1
36 5 2 9 3 1
36 5 3 10 3 1
36 6 1 11 3 1
36 6 2 12 3 1
36 6 3 13 3 1
36 7 1 14 3 1
36 7 2 15 3 1
36 7 3 16 3 1
36 8 1 17 3 1
36 8 2 18 3 1
36 9 1 19 3 0
36 9 2 20 3 0
36 9 3 21 3 0
36 10 1 22 3 0
36 10 2 23 3 0
36 11 1 24 3 0
36 11 2 25 4 1
36 11 3 26 4 1
36 12 1 27 4 1
36 12 2 28 3 0
36 12 3 29 4 1
36 13 1 30 4 1
36 13 2 31 4 1
36 13 3 32 4 1
36 14 1 33 4 1
36 14 2 34 4 1
36 14 3 35 4 1
36 15 1 36 4 1
36 15 2 37 4 1
36 16 1 38 4 1
36 16 2 39 4 1
73 1 1 1 2 0
73 1 2 2 2 0
73 1 3 3 2 0
73 2 1 4 2 0
73 2 2 5 2 0
73 2 3 6 2 0
73 3 1 7 2 0
73 3 2 8 2 0
73 3 3 9 2 0
73 4 1 10 2 0
73 4 2 11 2 0
73 4 3 12 2 0
73 5 1 13 2 0
73 5 2 14 2 0
73 5 3 15 2 0
73 6 1 16 2 0
73 6 2 17 2 0
73 6 3 18 2 0
73 7 1 19 2 0
73 7 2 20 2 0
73 7 3 21 2 0
73 8 1 22 2 0
73 8 2 23 2 0
73 8 3 24 2 0
73 9 1 25 2 0
73 9 2 26 2 0
73 9 3 27 2 0
73 9 4 28 2 0
73 10 1 29 2 0
73 10 2 30 2 0
73 10 3 31 2 0
73 11 1 32 2 0
73 11 2 33 2 0
73 11 3 34 2 0
73 12 1 35 2 0
73 12 2 36 2 0
73 12 3 37 2 0
73 12 4 38 2 0
73 13 1 39 2 0
73 13 2 40 2 0
73 14 1 41 2 0
73 14 2 42 2 0
73 15 1 43 2 0
73 15 2 44 2 0
73 16 1 45 2 0
73 16 2 46 2 0
74 1 1 1 2 1
74 1 2 2 2 1
74 2 1 3 2 1
74 3 1 4 2 1
74 4 1 5 2 1
74 4 2 6 2 1
74 4 3 7 2 1
74 5 1 8 2 1
74 5 2 9 2 1
74 6 1 10 2 1
74 6 2 11 2 1
74 6 3 12 2 1
74 7 1 13 2 1
74 7 2 14 2 1
74 7 3 15 2 1
74 8 1 16 2 1
74 8 2 17 2 1
74 8 3 18 2 1
74 9 1 19 2 0
74 9 2 20 2 0
74 9 3 21 2 0
74 10 1 22 2 0
74 10 2 23 2 0
74 10 3 24 2 0
74 11 1 25 2 0
74 11 2 26 2 1
74 12 1 27 2 1
74 12 2 28 2 1
74 12 3 29 2 1
74 13 1 30 2 1
74 13 2 31 2 1
74 14 1 32 2 1
74 14 2 33 2 1
74 15 1 34 2 1
74 15 2 35 2 1
74 15 3 36 2 0
74 16 1 37 2 0
74 16 2 38 2 0
74 16 3 39 2 0
75 1 1 1 2 1
75 2 1 2 2 1
75 2 2 3 2 1
75 3 1 4 2 1
75 4 1 5 2 1
75 5 1 6 2 1
75 5 2 7 2 1
75 5 3 8 2 1
75 6 1 9 2 1
75 6 2 10 2 1
75 6 3 11 2 1
75 6 4 12 1 0
75 7 1 13 1 0
75 7 2 14 1 0
75 7 3 15 1 0
75 7 4 16 1 0
75 7 5 17 1 0
75 8 1 18 1 0
75 8 2 19 1 0
75 8 3 20 1 0
75 8 4 21 1 0
75 9 1 22 2 1
75 9 2 23 2 1
75 9 3 24 2 1
75 10 1 25 2 0
75 10 2 26 2 0
75 11 1 27 2 1
75 11 2 28 2 1
75 11 3 29 2 0
75 12 1 30 2 1
75 12 2 31 2 0
75 12 3 32 2 1
75 13 1 33 2 1
75 13 2 34 2 0
75 14 1 35 2 0
75 14 2 36 2 0
75 15 1 37 2 0
75 15 2 38 2 1
75 16 1 39 2 1
75 16 2 40 2 1
75 16 3 41 2 1
76 1 1 1 1 0
76 1 2 2 1 0
76 2 1 3 1 0
76 3 1 4 1 0
76 3 2 5 1 0
76 3 3 6 1 0
76 4 1 7 1 0
76 5 1 8 1 0
76 5 2 9 1 0
76 5 3 10 1 0
76 5 4 11 1 0
76 6 1 12 1 0
76 6 2 13 1 0
76 6 3 14 1 0
76 7 1 15 1 0
76 7 2 16 1 0
76 7 3 17 1 0
76 8 1 18 1 0
76 8 2 19 1 0
76 8 3 20 1 0
76 9 1 21 2 1
76 9 2 22 2 1
76 10 1 23 2 1
76 10 2 24 2 1
76 10 3 25 2 0
76 11 1 26 2 1
76 11 2 27 2 0
76 11 3 28 2 1
76 12 1 29 2 0
76 12 2 30 2 0
76 13 1 31 2 0
76 13 2 32 2 0
76 14 1 33 2 0
76 14 2 34 2 0
76 15 1 35 2 0
76 15 2 36 2 0
76 15 3 37 2 1
76 16 1 38 2 1
76 16 2 39 2 1
76 16 3 40 2 1
77 1 1 1 1 0
77 2 1 2 1 0
77 2 2 3 1 0
77 3 1 4 1 0
77 3 2 5 1 0
77 3 3 6 1 0
77 4 1 7 1 0
77 4 2 8 1 0
77 4 3 9 1 0
77 5 1 10 1 1
77 5 2 11 1 0
77 5 3 12 1 0
77 6 1 13 1 0
77 6 2 14 1 0
77 7 1 15 1 0
77 7 2 16 1 0
77 7 3 17 1 0
77 8 1 18 1 0
77 8 2 19 1 0
77 8 3 20 1 0
77 9 1 21 2 1
77 9 2 22 1 0
77 9 3 23 1 0
77 10 1 24 1 0
77 10 2 25 2 1
77 10 3 26 2 1
77 11 1 27 2 1
77 11 2 28 2 1
77 11 3 29 2 1
77 11 4 30 2 1
77 12 1 31 2 1
77 12 2 32 2 1
77 12 3 33 2 1
77 13 1 34 2 1
77 13 2 35 2 1
77 14 1 36 2 1
77 14 2 37 2 1
77 15 1 38 2 1
77 15 2 39 2 1
77 16 1 40 2 1
77 16 2 41 2 1
78 1 1 1 1 0
78 1 2 2 1 0
78 1 3 3 1 0
78 2 1 4 1 0
78 2 2 5 1 0
78 2 3 6 1 0
78 3 1 7 1 0
78 3 2 8 1 0
78 4 1 9 1 0
78 5 1 10 1 0
78 5 2 11 1 0
78 5 3 12 1 0
78 6 1 13 1 0
78 6 2 14 1 0
78 6 3 15 1 0
78 7 1 16 1 0
78 7 2 17 1 0
78 8 1 18 1 0
78 8 2 19 1 0
78 8 3 20 1 0
78 9 1 21 2 1
78 9 2 22 1 0
78 9 3 23 2 1
78 10 1 24 2 1
78 10 2 25 2 1
78 10 3 26 2 1
78 10 4 27 2 1
78 11 1 28 1 0
78 11 2 29 2 1
78 11 3 30 1 0
78 12 1 31 2 1
78 12 2 32 2 1
78 12 3 33 2 1
78 13 1 34 2 1
78 13 2 35 2 1
78 14 1 36 2 1
78 14 2 37 2 1
78 15 1 38 2 1
78 15 2 39 2 1
78 16 1 40 2 1
78 16 2 41 2 1
79 1 1 1 1 1
79 2 1 2 1 1
79 2 2 3 1 1
79 2 3 4 1 1
79 3 1 5 1 1
79 4 1 6 1 1
79 4 2 7 1 1
79 5 1 8 1 1
79 5 2 9 1 1
79 5 3 10 1 1
79 6 1 11 1 1
79 6 2 12 1 1
79 6 3 13 1 1
79 7 1 14 1 1
79 7 2 15 1 1
79 7 3 16 1 1
79 8 1 17 1 1
79 8 2 18 1 1
79 8 3 19 1 1
79 8 4 20 1 1
79 9 1 21 1 0
79 9 2 22 1 0
79 10 1 23 1 0
79 10 2 24 1 0
79 10 3 25 1 0
79 11 1 26 1 0
79 11 2 27 1 0
79 11 3 28 1 0
79 12 1 29 1 0
79 12 2 30 1 0
79 13 1 31 1 0
79 13 2 32 1 0
79 13 3 33 1 0
79 14 1 34 1 0
79 14 2 35 1 0
79 14 3 36 1 0
79 15 1 37 1 0
79 15 2 38 1 0
79 16 1 39 1 0
79 16 2 40 1 0
80 1 1 1 1 1
80 2 1 2 1 1
80 3 1 3 1 1
80 3 2 4 1 1
80 4 1 5 1 1
80 5 1 6 1 1
80 5 2 7 1 1
80 5 3 8 1 1
80 5 4 9 1 1
80 5 5 10 1 1
80 6 1 11 1 1
80 6 2 12 1 1
80 6 3 13 1 1
80 6 4 14 1 1
80 7 1 15 1 1
80 7 2 16 1 1
80 7 3 17 1 1
80 7 4 18 1 1
80 8 1 19 1 1
80 8 2 20 1 1
80 8 3 21 1 1
80 9 1 22 1 0
80 9 2 23 1 1
80 9 3 24 1 0
80 10 1 25 1 0
80 10 2 26 1 0
80 10 3 27 1 0
80 11 1 28 1 0
80 11 2 29 1 0
80 12 1 30 1 0
80 12 2 31 1 0
80 12 3 32 1 0
80 13 1 33 1 0
80 13 2 34 1 0
80 14 1 35 1 0
80 14 2 36 1 0
80 14 3 37 1 0
80 15 1 38 1 0
80 15 2 39 1 0
80 16 1 40 1 0
80 16 2 41 1 0
81 1 1 1 1 1
81 1 2 2 1 1
81 1 3 3 1 1
81 2 1 4 1 1
81 3 1 5 1 1
81 4 1 6 1 1
81 4 2 7 1 1
81 5 1 8 1 1
81 5 2 9 1 1
81 5 3 10 1 1
81 6 1 11 1 1
81 6 2 12 1 1
81 6 3 13 1 0
81 7 1 14 1 0
81 7 2 15 1 0
81 7 3 16 1 0
81 8 1 17 1 0
81 8 2 18 1 0
81 9 1 19 2 1
81 9 2 20 2 1
81 9 3 21 2 1
81 10 1 22 2 1
81 10 2 23 2 1
81 11 1 24 2 1
81 11 2 25 2 1
81 11 3 26 2 1
81 12 1 27 2 1
81 12 2 28 2 1
81 12 3 29 2 1
81 13 1 30 2 1
81 13 2 31 2 1
81 13 3 32 2 1
81 14 1 33 2 1
81 14 2 34 2 1
81 14 3 35 2 1
81 15 1 36 2 1
81 15 2 37 2 1
81 16 1 38 2 1
81 16 2 39 2 1
82 1 1 1 1 0
82 1 2 2 1 0
82 1 3 3 1 0
82 2 1 4 1 0
82 2 2 5 1 0
82 2 3 6 1 0
82 3 1 7 1 0
82 3 2 8 1 0
82 3 3 9 1 0
82 4 1 10 1 0
82 4 2 11 1 0
82 4 3 12 1 0
82 5 1 13 1 0
82 5 2 14 1 0
82 5 3 15 1 0
82 6 1 16 1 0
82 6 2 17 1 0
82 6 3 18 1 0
82 7 1 19 1 0
82 7 2 20 1 0
82 7 3 21 1 0
82 8 1 22 1 0
82 8 2 23 1 0
82 8 3 24 1 0
82 9 1 25 2 1
82 9 2 26 2 0
82 9 3 27 2 1
82 9 4 28 2 1
82 10 1 29 2 0
82 10 2 30 2 0
82 10 3 31 2 0
82 11 1 32 2 1
82 11 2 33 2 1
82 11 3 34 2 0
82 12 1 35 2 0
82 12 2 36 2 0
82 12 3 37 2 1
82 12 4 38 2 0
82 13 1 39 2 0
82 13 2 40 2 0
82 14 1 41 2 0
82 14 2 42 2 0
82 15 1 43 2 1
82 15 2 44 2 1
82 16 1 45 2 1
82 16 2 46 2 0
83 1 1 1 2 1
83 1 2 2 1 0
83 2 1 3 2 1
83 3 1 4 2 1
83 4 1 5 2 1
83 4 2 6 2 1
83 4 3 7 2 1
83 5 1 8 2 1
83 5 2 9 2 1
83 6 1 10 2 1
83 6 2 11 2 1
83 6 3 12 2 1
83 7 1 13 2 1
83 7 2 14 2 1
83 7 3 15 2 1
83 8 1 16 2 1
83 8 2 17 2 1
83 8 3 18 2 1
83 9 1 19 2 1
83 9 2 20 2 1
83 9 3 21 2 0
83 10 1 22 2 1
83 10 2 23 2 0
83 10 3 24 2 0
83 11 1 25 1 0
83 11 2 26 1 1
83 12 1 27 1 0
83 12 2 28 1 1
83 12 3 29 1 1
83 13 1 30 1 0
83 13 2 31 1 1
83 14 1 32 1 1
83 14 2 33 1 1
83 15 1 34 1 1
83 15 2 35 1 1
83 15 3 36 1 0
83 16 1 37 2 0
83 16 2 38 2 0
83 16 3 39 2 0
84 1 1 1 2 1
84 2 1 2 2 1
84 2 2 3 2 0
84 3 1 4 2 1
84 4 1 5 2 1
84 5 1 6 2 1
84 5 2 7 2 1
84 5 3 8 2 0
84 6 1 9 2 1
84 6 2 10 2 1
84 6 3 11 2 1
84 6 4 12 2 0
84 7 1 13 2 1
84 7 2 14 2 1
84 7 3 15 2 1
84 7 4 16 2 1
84 7 5 17 2 1
84 8 1 18 2 1
84 8 2 19 2 1
84 8 3 20 2 1
84 8 4 21 2 1
84 9 1 22 2 0
84 9 2 23 2 0
84 9 3 24 2 0
84 10 1 25 2 0
84 10 2 26 2 0
84 11 1 27 2 0
84 11 2 28 2 0
84 11 3 29 2 0
84 12 1 30 2 0
84 12 2 31 2 0
84 12 3 32 2 0
84 13 1 33 2 0
84 13 2 34 2 0
84 14 1 35 2 0
84 14 2 36 2 0
84 15 1 37 2 0
84 15 2 38 2 0
84 16 1 39 2 0
84 16 2 40 2 0
84 16 3 41 2 0
85 1 1 1 2 1
85 1 2 2 2 1
85 2 1 3 2 1
85 3 1 4 2 1
85 3 2 5 2 1
85 3 3 6 2 1
85 4 1 7 2 1
85 5 1 8 2 1
85 5 2 9 2 1
85 5 3 10 2 1
85 5 4 11 2 1
85 6 1 12 2 1
85 6 2 13 2 1
85 6 3 14 2 1
85 7 1 15 2 1
85 7 2 16 2 1
85 7 3 17 2 1
85 8 1 18 2 1
85 8 2 19 2 1
85 8 3 20 2 1
85 9 1 21 2 0
85 9 2 22 2 0
85 10 1 23 2 0
85 10 2 24 2 0
85 10 3 25 2 0
85 11 1 26 2 0
85 11 2 27 2 0
85 11 3 28 2 0
85 12 1 29 2 0
85 12 2 30 2 0
85 13 1 31 2 0
85 13 2 32 2 0
85 14 1 33 2 0
85 14 2 34 3 1
85 15 1 35 3 1
85 15 2 36 3 1
85 15 3 37 3 1
85 16 1 38 3 1
85 16 2 39 3 1
85 16 3 40 3 1
86 1 1 1 2 0
86 2 1 2 2 0
86 2 2 3 2 0
86 3 1 4 2 0
86 3 2 5 2 0
86 3 3 6 2 0
86 4 1 7 2 0
86 4 2 8 2 0
86 4 3 9 2 0
86 5 1 10 2 0
86 5 2 11 2 0
86 5 3 12 2 0
86 6 1 13 2 0
86 6 2 14 2 0
86 7 1 15 2 0
86 7 2 16 2 0
86 7 3 17 2 0
86 8 1 18 2 0
86 8 2 19 2 0
86 8 3 20 2 0
86 9 1 21 3 1
86 9 2 22 3 1
86 9 3 23 3 1
86 10 1 24 3 1
86 10 2 25 3 1
86 10 3 26 3 1
86 11 1 27 3 1
86 11 2 28 3 1
86 11 3 29 3 1
86 11 4 30 3 1
86 12 1 31 3 1
86 12 2 32 3 1
86 12 3 33 3 1
86 13 1 34 3 1
86 13 2 35 3 1
86 14 1 36 3 1
86 14 2 37 3 1
86 15 1 38 3 1
86 15 2 39 3 1
86 16 1 40 3 1
86 16 2 41 3 1
87 1 1 1 2 0
87 1 2 2 2 0
87 1 3 3 2 0
87 2 1 4 2 0
87 2 2 5 2 0
87 2 3 6 2 0
87 3 1 7 2 0
87 3 2 8 2 0
87 4 1 9 2 0
87 5 1 10 2 0
87 5 2 11 2 0
87 5 3 12 2 0
87 6 1 13 2 0
87 6 2 14 2 0
87 6 3 15 2 0
87 7 1 16 2 0
87 7 2 17 2 0
87 8 1 18 2 0
87 8 2 19 2 0
87 8 3 20 2 0
87 9 1 21 3 1
87 9 2 22 3 1
87 9 3 23 3 1
87 10 1 24 3 1
87 10 2 25 3 1
87 10 3 26 3 1
87 10 4 27 3 1
87 11 1 28 3 1
87 11 2 29 3 1
87 11 3 30 3 1
87 12 1 31 3 1
87 12 2 32 3 1
87 12 3 33 3 1
87 13 1 34 3 1
87 13 2 35 3 1
87 14 1 36 3 1
87 14 2 37 3 1
87 15 1 38 3 1
87 15 2 39 3 1
87 16 1 40 3 1
87 16 2 41 3 1
88 1 1 1 3 1
88 2 1 2 3 1
88 2 2 3 3 1
88 2 3 4 3 1
88 3 1 5 3 1
88 4 1 6 3 1
88 4 2 7 3 1
88 5 1 8 3 1
88 5 2 9 3 1
88 5 3 10 3 1
88 6 1 11 3 1
88 6 2 12 3 1
88 6 3 13 2 0
88 7 1 14 3 1
88 7 2 15 3 1
88 7 3 16 2 0
88 8 1 17 2 0
88 8 2 18 2 0
88 8 3 19 2 0
88 8 4 20 2 0
88 9 1 21 3 1
88 9 2 22 3 1
88 10 1 23 3 1
88 10 2 24 3 1
88 10 3 25 3 0
88 11 1 26 3 0
88 11 2 27 3 0
88 11 3 28 3 1
88 12 1 29 3 0
88 12 2 30 3 1
88 13 1 31 3 1
88 13 2 32 3 1
88 13 3 33 3 0
88 14 1 34 3 0
88 14 2 35 3 0
88 14 3 36 3 0
88 15 1 37 3 0
88 15 2 38 3 0
88 16 1 39 3 1
88 16 2 40 3 0
89 1 1 1 3 1
89 2 1 2 2 0
89 3 1 3 3 1
89 3 2 4 3 1
89 4 1 5 3 1
89 5 1 6 3 1
89 5 2 7 3 1
89 5 3 8 3 1
89 5 4 9 3 1
89 5 5 10 3 1
89 6 1 11 2 0
89 6 2 12 3 1
89 6 3 13 2 0
89 6 4 14 2 0
89 7 1 15 3 1
89 7 2 16 3 1
89 7 3 17 3 1
89 7 4 18 3 1
89 8 1 19 2 0
89 8 2 20 3 1
89 8 3 21 2 0
89 9 1 22 3 1
89 9 2 23 3 1
89 9 3 24 3 1
89 10 1 25 3 0
89 10 2 26 3 0
89 10 3 27 3 0
89 11 1 28 3 0
89 11 2 29 3 0
89 12 1 30 3 0
89 12 2 31 3 0
89 12 3 32 3 0
89 13 1 33 3 0
89 13 2 34 3 0
89 14 1 35 3 0
89 14 2 36 3 0
89 14 3 37 3 1
89 15 1 38 3 0
89 15 2 39 3 1
89 16 1 40 3 1
89 16 2 41 3 0
90 1 1 1 3 1
90 1 2 2 3 1
90 1 3 3 3 1
90 2 1 4 3 1
90 3 1 5 3 1
90 4 1 6 3 1
90 4 2 7 3 1
90 5 1 8 3 1
90 5 2 9 3 1
90 5 3 10 3 1
90 6 1 11 3 1
90 6 2 12 3 1
90 6 3 13 1 1
90 7 1 14 1 1
90 7 2 15 1 1
90 7 3 16 0 0
90 8 1 17 1 1
90 8 2 18 0 0
90 9 1 19 1 1
90 9 2 20 1 1
90 9 3 21 1 1
90 10 1 22 1 0
90 10 2 23 1 1
90 11 1 24 1 1
90 11 2 25 3 1
90 11 3 26 3 1
90 12 1 27 3 1
90 12 2 28 2 0
90 12 3 29 3 1
90 13 1 30 3 1
90 13 2 31 3 1
90 13 3 32 3 1
90 14 1 33 3 1
90 14 2 34 3 1
90 14 3 35 3 1
90 15 1 36 3 1
90 15 2 37 3 1
90 16 1 38 3 1
90 16 2 39 3 1
91 1 1 1 2 0
91 1 2 2 2 0
91 2 1 3 2 0
91 2 2 4 2 0
91 3 1 5 2 0
91 3 2 6 2 0
91 4 1 7 2 0
91 4 2 8 2 0
91 5 1 9 2 0
91 5 2 10 2 0
91 6 1 11 2 0
91 6 2 12 2 0
91 6 3 13 2 0
91 7 1 14 2 0
91 7 2 15 2 0
91 7 3 16 2 0
91 8 1 17 2 0
91 8 2 18 2 0
91 9 1 19 2 0
91 9 2 20 2 0
91 10 1 21 2 0
91 11 1 22 2 0
91 12 1 23 2 0
91 12 2 24 2 0
91 13 1 25 2 1
91 14 1 26 2 1
91 15 1 27 2 1
91 16 1 28 2 1
91 17 1 29 2 0
91 17 2 30 2 0
91 18 1 31 2 0
91 18 2 32 2 0
91 19 1 33 2 0
91 19 2 34 3 1
91 20 1 35 2 0
91 20 2 36 3 1
91 21 1 37 2 0
91 23 1 38 2 0
91 25 1 39 2 0
91 25 2 40 2 0
91 27 1 41 2 0
91 27 2 42 2 0
92 1 1 1 2 0
92 1 2 2 2 1
92 2 1 3 2 0
92 2 2 4 2 0
92 2 3 5 2 1
92 3 1 6 2 1
92 3 2 7 2 1
92 4 1 8 2 1
92 4 2 9 2 0
92 5 1 10 2 1
92 5 2 11 2 0
92 6 1 12 2 0
92 7 1 13 3 1
92 7 2 14 3 1
92 8 1 15 3 1
92 8 2 16 3 1
92 9 1 17 3 1
92 10 1 18 2 0
92 10 2 19 2 0
92 11 1 20 2 0
92 11 2 21 3 1
92 12 1 22 3 1
92 13 1 23 2 0
92 13 2 24 3 1
92 14 1 25 2 1
92 14 2 26 2 1
92 15 1 27 2 1
92 15 2 28 2 1
92 16 1 29 2 1
92 17 1 30 3 1
92 18 1 31 2 0
92 19 1 32 2 0
92 20 1 33 2 0
92 21 1 34 2 0
92 23 1 35 2 0
92 23 2 36 2 0
92 23 3 37 2 0
92 25 1 38 2 0
92 25 2 39 2 0
92 27 1 40 2 1
93 1 1 1 2 1
93 1 2 2 2 1
93 2 1 3 2 1
93 2 2 4 2 1
93 3 1 5 2 1
93 3 2 6 2 1
93 4 1 7 2 1
93 4 2 8 2 1
93 5 1 9 2 1
93 6 1 10 2 1
93 6 2 11 2 1
93 7 1 12 2 1
93 8 1 13 1 0
93 8 2 14 1 0
93 9 1 15 2 1
93 9 2 16 1 0
93 10 1 17 1 0
93 10 2 18 1 0
93 11 1 19 1 0
93 11 2 20 1 0
93 12 1 21 1 0
93 12 2 22 1 0
93 13 1 23 1 0
93 13 2 24 2 1
93 14 1 25 1 0
93 15 1 26 1 0
93 16 1 27 1 0
93 16 2 28 1 0
93 17 1 29 2 1
93 18 1 30 2 1
93 19 1 31 2 1
93 19 2 32 2 1
93 20 1 33 2 1
93 20 2 34 2 1
93 21 1 35 2 1
93 21 2 36 2 1
93 23 1 37 2 1
93 23 2 38 2 1
93 25 1 39 2 0
93 25 2 40 2 1
93 27 1 41 2 1
94 1 1 1 1 0
94 1 2 2 1 0
94 2 1 3 2 1
94 2 2 4 2 1
94 3 1 5 1 0
94 3 2 6 1 0
94 4 1 7 2 1
94 4 2 8 1 0
94 5 1 9 2 1
94 5 2 10 1 0
94 6 1 11 1 0
94 7 1 12 2 1
94 7 2 13 2 1
94 8 1 14 1 0
94 8 2 15 1 0
94 9 1 16 1 0
94 9 2 17 1 0
94 10 1 18 1 0
94 10 2 19 1 0
94 11 1 20 1 0
94 12 1 21 1 0
94 12 2 22 1 0
94 13 1 23 1 0
94 14 1 24 1 0
94 14 2 25 2 1
94 15 1 26 2 1
94 16 1 27 2 1
94 16 2 28 2 1
94 17 1 29 2 0
94 18 1 30 2 0
94 19 1 31 2 0
94 20 1 32 2 0
94 21 1 33 2 0
94 23 1 34 2 0
94 23 2 35 2 0
94 23 3 36 2 0
94 25 1 37 2 0
94 25 2 38 2 0
94 25 3 39 2 1
94 27 1 40 2 0
95 1 1 1 1 0
95 1 2 2 1 0
95 1 3 3 1 0
95 2 1 4 1 0
95 2 2 5 1 0
95 3 1 6 1 0
95 3 2 7 1 0
95 4 1 8 1 0
95 4 2 9 1 0
95 5 1 10 1 0
95 6 1 11 1 0
95 6 2 12 1 0
95 7 1 13 1 0
95 7 2 14 1 0
95 8 1 15 1 0
95 8 2 16 1 1
95 8 3 17 1 0
95 9 1 18 1 0
95 9 2 19 1 0
95 10 1 20 1 0
95 11 1 21 1 0
95 11 2 22 1 1
95 12 1 23 1 1
95 13 1 24 1 0
95 13 2 25 1 1
95 14 1 26 1 0
95 14 2 27 1 0
95 15 1 28 1 1
95 16 1 29 1 0
95 17 1 30 1 0
95 18 1 31 1 0
95 19 1 32 2 1
95 19 2 33 1 0
95 20 1 34 2 1
95 20 2 35 2 1
95 21 1 36 2 1
95 23 1 37 2 1
95 25 1 38 2 1
95 25 2 39 2 1
95 27 1 40 2 1
95 27 2 41 2 1
96 1 1 1 1 0
96 1 2 2 1 0
96 2 1 3 1 0
96 2 2 4 1 0
96 3 1 5 1 0
96 3 2 6 1 0
96 4 1 7 1 0
96 4 2 8 1 0
96 4 3 9 1 0
96 5 1 10 1 0
96 5 2 11 1 0
96 5 3 12 1 0
96 6 1 13 1 0
96 6 2 14 1 0
96 7 1 15 1 0
96 7 2 16 1 0
96 8 1 17 1 0
96 9 1 18 1 0
96 10 1 19 1 0
96 10 2 20 1 0
96 11 1 21 1 0
96 12 1 22 1 0
96 12 2 23 1 0
96 13 1 24 1 0
96 14 1 25 1 1
96 15 1 26 1 0
96 15 2 27 1 0
96 16 1 28 1 0
96 16 2 29 1 0
96 17 1 30 2 1
96 17 2 31 1 0
96 18 1 32 2 1
96 18 2 33 2 1
96 19 1 34 2 1
96 20 1 35 2 1
96 21 1 36 2 1
96 23 1 37 2 1
96 25 1 38 2 1
96 25 2 39 2 1
96 27 1 40 2 1
96 27 2 41 2 1
97 1 1 1 1 0
97 1 2 2 1 0
97 2 1 3 1 0
97 2 2 4 1 0
97 3 1 5 1 0
97 3 2 6 1 0
97 4 1 7 1 0
97 4 2 8 1 0
97 5 1 9 1 0
97 5 2 10 1 0
97 6 1 11 1 0
97 6 2 12 1 0
97 7 1 13 1 1
97 8 1 14 1 1
97 8 2 15 1 1
97 9 1 16 1 1
97 9 2 17 1 1
97 10 1 18 1 1
97 11 1 19 1 1
97 11 2 20 1 1
97 12 1 21 1 1
97 12 2 22 1 1
97 13 1 23 1 1
97 13 2 24 1 1
97 14 1 25 1 1
97 15 1 26 1 1
97 15 2 27 1 1
97 16 1 28 1 1
97 17 1 29 1 0
97 18 1 30 1 0
97 19 1 31 1 0
97 20 1 32 1 0
97 21 1 33 1 0
97 21 2 34 1 0
97 21 3 35 1 0
97 23 1 36 2 1
97 23 2 37 1 0
97 25 1 38 1 0
97 27 1 39 1 0
97 27 2 40 1 0
98 1 1 1 1 1
98 1 2 2 1 1
98 2 1 3 1 1
98 2 2 4 1 1
98 3 1 5 1 1
98 3 2 6 1 1
98 4 1 7 1 1
98 4 2 8 1 1
98 5 1 9 1 1
98 6 1 10 1 1
98 6 2 11 1 1
98 7 1 12 1 1
98 7 2 13 1 0
98 8 1 14 1 1
98 9 1 15 1 1
98 9 2 16 1 1
98 10 1 17 1 1
98 10 2 18 1 1
98 11 1 19 1 1
98 11 2 20 1 1
98 12 1 21 1 1
98 12 2 22 1 1
98 13 1 23 1 1
98 14 1 24 1 1
98 14 2 25 1 1
98 15 1 26 1 1
98 16 1 27 1 1
98 16 2 28 1 1
98 17 1 29 1 0
98 17 2 30 1 0
98 18 1 31 1 0
98 18 2 32 1 0
98 19 1 33 1 0
98 20 1 34 1 0
98 21 1 35 1 0
98 21 2 36 1 0
98 23 1 37 1 0
98 25 1 38 1 0
98 27 1 39 1 0
98 27 2 40 1 0
98 27 3 41 1 0
99 1 1 1 1 1
99 1 2 2 1 1
99 2 1 3 1 1
99 2 2 4 1 1
99 3 1 5 1 1
99 3 2 6 1 1
99 3 3 7 1 1
99 4 1 8 1 1
99 4 2 9 1 1
99 5 1 10 1 1
99 5 2 11 1 1
99 6 1 12 1 1
99 6 2 13 1 1
99 7 1 14 1 1
99 8 1 15 1 1
99 8 2 16 1 1
99 9 1 17 1 1
99 10 1 18 1 1
99 10 2 19 1 1
99 11 1 20 1 1
99 11 2 21 1 1
99 12 1 22 1 1
99 13 1 23 1 1
99 14 1 24 1 1
99 14 2 25 1 0
99 15 1 26 1 0
99 15 2 27 1 0
99 16 1 28 1 0
99 16 2 29 1 0
99 17 1 30 2 1
99 18 1 31 2 1
99 19 1 32 2 1
99 20 1 33 2 1
99 21 1 34 2 1
99 21 2 35 2 1
99 21 3 36 2 1
99 23 1 37 2 1
99 25 1 38 2 1
99 27 1 39 2 1
99 27 2 40 2 1
100 1 1 1 1 0
100 1 2 2 1 0
100 2 1 3 1 0
100 2 2 4 1 0
100 3 1 5 1 0
100 3 2 6 1 0
100 4 1 7 1 0
100 4 2 8 1 0
100 5 1 9 1 0
100 5 2 10 1 0
100 6 1 11 1 0
100 6 2 12 1 0
100 6 3 13 1 0
100 7 1 14 1 0
100 7 2 15 1 0
100 7 3 16 1 0
100 8 1 17 1 0
100 8 2 18 1 0
100 9 1 19 1 0
100 9 2 20 1 0
100 10 1 21 1 0
100 11 1 22 1 0
100 12 1 23 1 0
100 12 2 24 1 0
100 13 1 25 1 0
100 14 1 26 1 0
100 15 1 27 1 0
100 16 1 28 3 1
100 17 1 29 2 1
100 17 2 30 2 0
100 18 1 31 2 1
100 18 2 32 2 0
100 19 1 33 2 1
100 19 2 34 2 0
100 20 1 35 2 1
100 20 2 36 2 0
100 21 1 37 2 0
100 23 1 38 2 0
100 25 1 39 2 0
100 25 2 40 2 1
100 27 1 41 2 0
100 27 2 42 2 0
101 1 1 1 2 1
101 1 2 2 2 1
101 2 1 3 2 1
101 2 2 4 2 1
101 2 3 5 2 1
101 3 1 6 2 1
101 3 2 7 2 1
101 4 1 8 2 1
101 4 2 9 2 1
101 5 1 10 2 1
101 5 2 11 2 1
101 6 1 12 2 1
101 7 1 13 2 1
101 7 2 14 2 1
101 8 1 15 2 1
101 8 2 16 1 0
101 9 1 17 2 1
101 10 1 18 2 1
101 10 2 19 2 1
101 11 1 20 1 0
101 11 2 21 2 1
101 12 1 22 2 1
101 13 1 23 2 1
101 13 2 24 2 1
101 14 1 25 1 1
101 14 2 26 1 1
101 15 1 27 1 1
101 15 2 28 1 1
101 16 1 29 1 1
101 17 1 30 1 0
101 18 1 31 1 0
101 19 1 32 1 0
101 20 1 33 1 0
101 21 1 34 1 0
101 23 1 35 1 0
101 23 2 36 1 0
101 23 3 37 2 0
101 25 1 38 2 0
101 25 2 39 2 0
101 27 1 40 2 0
102 1 1 1 2 0
102 1 2 2 2 1
102 2 1 3 2 0
102 2 2 4 2 0
102 3 1 5 2 0
102 3 2 6 2 0
102 4 1 7 2 0
102 4 2 8 2 0
102 5 1 9 2 0
102 6 1 10 2 1
102 6 2 11 2 0
102 7 1 12 2 0
102 8 1 13 2 0
102 8 2 14 2 0
102 9 1 15 2 0
102 9 2 16 2 1
102 10 1 17 2 1
102 10 2 18 2 1
102 11 1 19 2 1
102 11 2 20 2 1
102 12 1 21 2 1
102 12 2 22 2 0
102 13 1 23 2 1
102 13 2 24 2 1
102 14 1 25 2 1
102 15 1 26 2 1
102 16 1 27 2 1
102 16 2 28 2 1
102 17 1 29 2 0
102 18 1 30 2 0
102 19 1 31 2 0
102 19 2 32 2 0
102 20 1 33 2 0
102 20 2 34 2 0
102 21 1 35 2 0
102 21 2 36 2 0
102 23 1 37 2 0
102 23 2 38 2 0
102 25 1 39 2 0
102 25 2 40 2 0
102 27 1 41 2 0
103 1 1 1 2 1
103 1 2 2 2 1
103 2 1 3 2 1
103 2 2 4 2 1
103 3 1 5 2 1
103 3 2 6 2 1
103 4 1 7 2 1
103 4 2 8 2 1
103 5 1 9 2 1
103 5 2 10 2 1
103 6 1 11 2 1
103 7 1 12 2 1
103 7 2 13 2 1
103 8 1 14 2 1
103 8 2 15 2 1
103 9 1 16 2 1
103 9 2 17 2 1
103 10 1 18 2 1
103 10 2 19 2 1
103 11 1 20 2 1
103 12 1 21 2 1
103 12 2 22 2 1
103 13 1 23 2 1
103 14 1 24 2 1
103 14 2 25 2 1
103 15 1 26 2 1
103 16 1 27 2 1
103 16 2 28 2 1
103 17 1 29 2 0
103 18 1 30 2 0
103 19 1 31 2 0
103 20 1 32 2 0
103 21 1 33 3 0
103 23 1 34 2 0
103 23 2 35 2 0
103 23 3 36 2 0
103 25 1 37 2 0
103 25 2 38 2 0
103 25 3 39 2 0
103 27 1 40 2 0
104 1 1 1 2 0
104 1 2 2 2 0
104 1 3 3 2 0
104 2 1 4 2 0
104 2 2 5 2 0
104 3 1 6 2 0
104 3 2 7 2 0
104 4 1 8 2 0
104 4 2 9 2 0
104 5 1 10 2 0
104 6 1 11 2 0
104 6 2 12 2 0
104 7 1 13 2 0
104 7 2 14 2 0
104 8 1 15 2 0
104 8 2 16 2 0
104 8 3 17 2 0
104 9 1 18 2 0
104 9 2 19 2 0
104 10 1 20 2 0
104 11 1 21 2 0
104 11 2 22 2 0
104 12 1 23 2 0
104 13 1 24 2 0
104 13 2 25 2 0
104 14 1 26 2 0
104 14 2 27 2 0
104 15 1 28 2 0
104 16 1 29 2 0
104 17 1 30 3 1
104 18 1 31 3 1
104 19 1 32 3 1
104 19 2 33 3 1
104 20 1 34 3 1
104 20 2 35 3 1
104 21 1 36 3 1
104 23 1 37 3 1
104 25 1 38 3 1
104 25 2 39 3 1
104 27 1 40 3 1
104 27 2 41 3 1
105 1 1 1 2 0
105 1 2 2 2 0
105 2 1 3 2 0
105 2 2 4 2 0
105 3 1 5 2 0
105 3 2 6 2 0
105 4 1 7 2 0
105 4 2 8 2 0
105 4 3 9 2 0
105 5 1 10 2 0
105 5 2 11 2 0
105 5 3 12 2 0
105 6 1 13 2 0
105 6 2 14 2 0
105 7 1 15 2 0
105 7 2 16 2 0
105 8 1 17 2 0
105 9 1 18 2 0
105 10 1 19 2 0
105 10 2 20 2 0
105 11 1 21 2 0
105 12 1 22 2 0
105 12 2 23 2 0
105 13 1 24 2 0
105 14 1 25 2 0
105 15 1 26 2 0
105 15 2 27 2 0
105 16 1 28 2 0
105 16 2 29 2 0
105 17 1 30 3 1
105 17 2 31 3 1
105 18 1 32 3 1
105 18 2 33 3 1
105 19 1 34 3 1
105 20 1 35 3 1
105 21 1 36 3 1
105 23 1 37 1 0
105 25 1 38 1 0
105 25 2 39 1 0
105 27 1 40 1 0
105 27 2 41 1 0
106 1 1 1 2 0
106 1 2 2 2 0
106 2 1 3 2 0
106 2 2 4 3 1
106 3 1 5 2 0
106 3 2 6 2 0
106 4 1 7 2 0
106 4 2 8 2 0
106 5 1 9 2 0
106 5 2 10 2 0
106 6 1 11 2 0
106 6 2 12 3 1
106 7 1 13 3 1
106 8 1 14 3 1
106 8 2 15 3 1
106 9 1 16 3 1
106 9 2 17 3 1
106 10 1 18 3 1
106 11 1 19 3 1
106 11 2 20 3 1
106 12 1 21 3 1
106 12 2 22 3 1
106 13 1 23 3 1
106 13 2 24 3 1
106 14 1 25 2 0
106 15 1 26 2 0
106 15 2 27 2 0
106 16 1 28 2 0
106 17 1 29 3 1
106 18 1 30 3 1
106 19 1 31 3 1
106 20 1 32 3 1
106 21 1 33 3 1
106 21 2 34 3 1
106 21 3 35 3 1
106 23 1 36 3 1
106 23 2 37 3 1
106 25 1 38 3 0
106 27 1 39 3 0
106 27 2 40 3 0
107 1 1 1 3 1
107 1 2 2 3 1
107 2 1 3 3 1
107 2 2 4 3 1
107 3 1 5 3 1
107 3 2 6 3 1
107 4 1 7 3 1
107 4 2 8 3 1
107 5 1 9 3 1
107 6 1 10 3 1
107 6 2 11 3 1
107 7 1 12 3 1
107 7 2 13 2 0
107 8 1 14 2 0
107 9 1 15 2 0
107 9 2 16 2 0
107 10 1 17 2 0
107 10 2 18 2 0
107 11 1 19 2 0
107 11 2 20 2 0
107 12 1 21 2 0
107 12 2 22 2 0
107 13 1 23 2 0
107 14 1 24 2 0
107 14 2 25 3 1
107 15 1 26 3 1
107 16 1 27 2 0
107 16 2 28 3 1
107 17 1 29 3 0
107 17 2 30 3 0
107 18 1 31 3 0
107 18 2 32 3 0
107 19 1 33 3 0
107 20 1 34 3 0
107 21 1 35 3 0
107 21 2 36 3 0
107 23 1 37 3 1
107 25 1 38 3 1
107 27 1 39 3 1
107 27 2 40 3 1
107 27 3 41 3 1
108 1 1 1 3 1
108 1 2 2 3 1
108 2 1 3 3 1
108 2 2 4 3 1
108 3 1 5 3 1
108 3 2 6 3 1
108 3 3 7 3 1
108 4 1 8 3 1
108 4 2 9 3 1
108 5 1 10 3 1
108 5 2 11 3 1
108 6 1 12 3 1
108 6 2 13 3 1
108 7 1 14 3 1
108 8 1 15 3 1
108 8 2 16 3 1
108 9 1 17 3 1
108 10 1 18 3 1
108 10 2 19 3 1
108 11 1 20 3 1
108 11 2 21 3 1
108 12 1 22 3 1
108 13 1 23 3 1
108 14 1 24 3 1
108 14 2 25 2 0
108 15 1 26 2 0
108 15 2 27 2 0
108 16 1 28 2 0
108 16 2 29 2 0
108 17 1 30 3 1
108 18 1 31 3 1
108 19 1 32 3 1
108 20 1 33 3 1
108 21 1 34 3 1
108 21 2 35 3 1
108 21 3 36 3 1
108 23 1 37 3 1
108 25 1 38 3 1
108 27 1 39 3 1
108 27 2 40 3 1
