37 3 3 3 4 3 4 4 4 4 4 3 3 3 3 3 3 3 3 4 4 4 4 4 4 2 4 4 3 3 3 3 3 4 3 3 4 3 3 3 3 4 4 3 4 4 4 4 4 3 3 3 4 4 4 4 4 3 4 4 3 3 3 3 3 3 3 2 3 
38 3 3 3 4 3 4 3 3 3 3 4 3 3 3 3 3 3 4 4 3 4 4 3 4 3 3 3 4 4 4 2 4 3 4 4 3 3 3 3 3 4 4 4 2 4 4 3 4 3 3 3 4 4 4 2 2 3 3 4 3 3 3 3 3 3 3 3 3 
39 3 3 3 4 4 4 3 2 3 2 4 3 3 3 3 3 3 4 4 2 3 3 3 3 3 3 3 4 4 4 4 4 3 2 4 3 3 3 3 3 3 4 4 4 3 2 4 4 3 3 3 4 3 3 3 3 3 3 4 3 3 3 3 3 3 3 3 3 
40 3 3 3 4 4 4 4 4 3 3 4 3 3 3 3 3 3 4 4 3 2 4 4 3 3 3 3 4 4 4 4 4 3 4 4 3 3 3 3 3 4 4 4 4 4 4 4 4 3 3 3 3 3 2 3 3 3 3 3 3 3 3 3 3 3 3 3 3 
41 3 3 3 3 4 4 3 4 3 3 4 3 3 3 3 3 3 4 4 3 3 3 3 3 3 3 3 4 4 3 2 4 3 4 4 3 3 3 3 3 2 4 4 2 3 3 2 3 3 3 3 4 3 2 3 3 3 3 3 3 3 3 3 3 3 3 3 3 
42 3 3 3 4 3 4 3 2 3 3 4 3 3 3 3 3 4 3 4 3 3 3 3 4 3 3 3 4 4 4 2 4 3 4 4 3 3 3 3 3 3 4 4 4 3 4 3 3 3 3 3 4 4 4 3 3 3 3 3 3 3 3 3 3 3 3 3 3 
43 3 3 3 4 4 4 4 4 3 2 4 3 3 3 3 3 3 4 4 2 3 3 3 3 3 3 3 4 4 4 4 4 3 2 4 3 3 3 3 3 4 4 4 4 3 4 4 4 3 3 3 4 4 4 3 3 3 3 3 3 3 3 3 3 3 3 3 3 
44 2 2 3 3 3 3 3 3 3 3 3 2 3 3 3 3 2 2 2 2 2 2 2 2 2 3 3 2 3 3 3 3 2 3 3 3 2 2 2 2 3 3 2 3 3 3 3 3 2 2 2 2 2 2 2 2 2 2 2 2 2 2 2 2 2 2 2 2 
45 2 2 2 3 3 3 3 3 3 3 2 2 2 2 2 2 3 3 3 3 3 1 3 2 2 2 2 3 3 2 3 3 3 3 3 2 2 3 2 2 3 3 3 3 3 3 3 3 2 2 2 3 2 2 2 2 2 2 3 2 2 2 2 2 2 2 2 2 
46 1 1 1 2 2 1 0 1 1 2 1 2 1 1 1 1 2 1 1 2 1 0 0 2 1 2 1 1 2 1 1 1 1 1 1 2 1 1 1 1 1 1 1 0 1 2 1 1 1 1 1 2 1 2 0 2 1 0 2 1 1 1 1 1 1 1 0 1 
47 1 1 1 2 2 2 2 1 1 2 2 1 1 1 1 1 2 2 2 0 1 2 2 2 1 1 1 2 2 2 2 2 2 2 2 1 1 1 1 1 2 2 2 2 2 2 1 2 1 1 1 2 2 2 2 2 1 0 2 3 1 1 1 1 1 1 1 1 
48 1 1 1 2 1 2 2 2 1 2 2 1 1 1 1 1 2 2 2 0 1 0 1 1 1 1 1 2 2 2 2 2 2 2 2 1 1 1 1 1 2 2 2 2 2 2 1 2 1 1 1 2 2 2 0 2 1 1 2 1 1 1 1 1 1 1 1 1 
49 2 2 2 3 3 3 2 3 2 3 3 2 2 2 2 2 3 3 3 2 2 2 2 3 2 2 2 3 3 3 3 3 2 3 3 2 2 1 2 2 3 3 3 2 3 3 3 3 2 2 2 3 2 2 2 2 2 2 2 2 2 2 2 2 2 2 2 2 
50 2 2 2 3 3 3 3 3 2 2 3 2 2 2 2 2 3 3 3 2 2 3 2 3 2 2 2 3 3 3 3 3 2 3 3 3 2 2 2 2 3 3 3 3 2 3 3 3 2 2 2 3 3 3 2 3 2 2 3 2 2 2 2 2 2 2 2 2 
51 2 2 2 3 3 3 3 3 3 3 3 3 2 2 2 2 3 3 3 3 2 3 3 3 2 2 2 3 3 3 3 3 2 3 3 2 2 3 2 2 3 3 3 3 3 3 3 3 2 2 2 3 2 3 2 2 2 2 3 2 2 2 2 2 2 2 2 2 
52 2 3 3 2 2 2 3 2 3 2 2 2 2 3 1 2 3 3 2 3 2 3 3 3 3 3 3 2 2 2 2 2 2 2 2 2 3 3 3 2 2 2 2 2 2 2 3 3 2 3 3 2 2 2 3 3 3 3 3 2 2 2 2 2 3 3 3 3 
53 2 2 2 3 3 3 2 3 2 2 3 2 2 2 2 2 2 2 2 2 2 2 2 2 2 2 2 3 3 2 3 3 2 3 3 2 2 2 2 2 3 3 3 3 2 3 2 3 2 2 2 3 2 2 2 2 2 2 2 2 2 2 2 2 2 2 2 2 
54 2 2 2 3 3 3 3 3 2 3 3 2 2 2 2 2 2 3 3 3 2 2 2 2 2 2 2 3 3 3 3 3 2 3 3 2 2 2 2 2 3 3 3 3 2 3 3 2 2 2 2 3 2 2 2 2 2 2 2 2 2 2 2 2 2 2 2 2 
55 3 3 3 3 3 4 3 2 3 4 4 3 3 3 3 3 3 3 4 3 3 3 3 3 3 3 3 4 4 4 3 4 3 2 4 3 3 3 3 3 4 4 4 4 2 4 3 3 3 3 3 3 3 3 3 3 3 3 3 3 3 3 3 3 3 3 3 3 
56 3 3 3 3 3 3 3 3 3 3 4 3 3 3 3 3 3 4 4 3 3 3 3 3 3 3 3 4 4 4 3 4 3 2 4 3 3 3 3 3 4 4 4 2 3 3 3 3 3 3 3 3 3 3 3 3 3 3 3 3 3 3 3 3 3 3 3 3 
57 3 3 3 4 3 4 3 4 3 4 4 3 3 3 3 3 4 4 4 2 3 4 3 3 3 3 3 4 4 4 2 4 3 4 4 3 3 3 3 3 4 4 4 4 3 4 3 4 3 3 3 4 3 4 3 3 3 3 4 3 3 3 3 3 3 3 3 3 
58 2 2 2 3 2 3 2 3 2 3 3 2 2 2 2 2 3 3 3 3 2 3 2 3 2 2 2 3 3 3 3 3 2 3 3 2 2 2 2 2 3 3 3 3 3 3 3 3 2 2 2 3 3 3 3 2 2 2 3 2 2 2 2 2 2 2 2 2 
59 2 2 2 3 3 3 2 3 2 3 3 2 2 2 2 2 3 3 3 2 2 3 2 2 2 3 2 3 3 3 3 3 3 3 3 3 2 2 2 2 3 3 3 3 3 3 2 3 2 2 2 3 2 3 2 2 2 2 3 2 2 2 2 2 2 2 2 2 
60 2 2 2 3 3 2 3 3 2 3 3 2 2 2 2 2 3 3 3 2 2 3 2 2 2 2 2 3 3 3 3 3 2 3 3 2 2 2 2 2 3 3 3 3 2 3 3 3 2 2 2 3 2 3 2 2 2 2 2 2 2 2 2 2 2 2 2 2 
61 2 2 2 2 1 1 1 2 2 1 1 1 0 0 0 0 0 0 0 0 0 0 0 0 2 2 2 1 1 1 1 1 2 1 1 2 2 2 2 0 1 1 1 2 2 1 1 2 1 2 2 2 2 1 2 2 2 2 2 2 1 1 1 1 1 2 2 1 
62 1 1 1 2 2 2 2 2 1 2 2 1 1 1 1 1 2 2 2 2 2 2 1 1 1 2 1 2 2 2 2 2 2 2 2 1 1 1 1 1 2 2 2 2 2 2 2 2 1 1 1 2 2 2 2 2 1 0 2 1 1 1 1 1 1 1 1 1 
63 1 1 1 2 2 2 0 0 1 2 2 1 1 1 1 1 2 2 2 2 0 2 2 2 1 1 1 2 2 2 2 2 1 2 2 1 1 1 1 1 2 1 2 2 2 2 2 2 1 1 1 2 2 2 0 1 1 0 1 1 1 1 1 1 1 1 1 1 
64 1 1 1 2 2 2 2 2 2 2 2 1 1 1 1 1 2 2 2 2 2 2 1 2 1 2 0 2 2 2 1 1 2 1 2 2 1 1 1 1 2 2 2 2 1 2 2 2 1 1 1 2 2 2 1 2 1 1 1 1 1 1 1 1 1 1 1 1 
65 1 1 1 2 2 2 2 2 0 0 2 0 1 1 1 1 2 2 2 2 1 2 1 2 1 1 2 1 1 1 2 1 1 1 1 1 1 1 1 1 2 2 2 2 1 2 1 2 1 1 1 0 1 2 1 1 1 1 2 1 1 1 1 1 1 1 1 1 
66 1 1 1 2 2 2 2 2 1 2 2 1 1 1 1 1 2 2 2 2 2 2 2 2 1 2 2 2 1 1 2 2 2 2 1 1 1 1 1 1 2 2 1 2 2 2 2 2 1 1 1 2 2 2 2 2 1 0 2 1 1 1 1 1 1 1 1 1 
67 2 2 2 3 3 3 3 3 3 3 3 3 2 2 2 2 3 3 3 3 1 3 3 3 3 3 3 2 3 2 2 2 3 2 2 3 2 3 2 2 3 2 2 3 3 3 3 3 2 2 2 3 3 3 3 3 2 2 3 2 2 2 2 2 2 2 2 2 
68 2 2 2 3 3 3 2 3 2 3 3 2 2 2 2 2 2 3 3 2 2 3 3 2 2 2 2 3 3 3 3 3 2 3 3 2 2 2 2 2 3 3 3 3 3 3 3 3 2 2 2 3 2 3 2 3 2 2 2 2 2 2 2 2 2 2 2 2 
69 2 2 2 3 2 3 3 1 2 3 3 2 2 2 2 2 2 3 3 2 2 2 2 2 2 2 2 3 3 3 3 3 3 3 3 2 2 2 2 2 3 3 3 3 3 3 2 3 2 2 2 3 2 3 2 2 2 2 2 2 2 2 2 2 2 2 2 2 
70 2 2 2 3 3 3 2 3 2 3 3 2 2 2 2 2 3 3 3 3 3 3 2 3 3 3 3 3 3 2 3 3 3 3 3 3 2 3 2 2 3 3 3 3 3 3 3 3 2 2 2 3 2 3 3 3 2 2 3 2 2 2 2 2 2 2 2 2 
71 3 3 3 4 4 4 2 4 3 2 4 3 3 3 3 3 4 4 4 3 3 4 3 3 3 3 3 4 4 4 4 4 3 4 4 3 3 3 3 3 4 4 4 4 2 4 3 4 3 3 3 4 3 2 3 3 3 3 4 3 3 3 3 3 3 3 3 3 
72 3 3 3 3 4 4 3 2 3 3 4 3 3 3 3 3 3 3 3 3 3 3 3 3 3 3 3 4 4 4 4 4 3 2 4 3 3 3 3 3 4 4 4 4 3 4 3 3 3 3 3 4 3 3 3 3 3 3 3 3 3 3 3 3 3 3 3 3 
